0 1 1
0.0452261 0.988927 0.998977
0.0904523 0.977854 0.995912
0.135678 0.966781 0.99081
0.180905 0.955708 0.983681
0.226131 0.944635 0.974541
0.271357 0.933562 0.963408
0.316583 0.922489 0.950305
0.361809 0.911417 0.935258
0.407035 0.900344 0.918299
0.452261 0.889271 0.899461
0.497487 0.878198 0.878784
0.542714 0.84877 0.85631
0.58794 0.818262 0.832085
0.633166 0.787754 0.806158
0.678392 0.757246 0.778583
0.723618 0.726739 0.749415
0.768844 0.696231 0.718715
0.81407 0.665723 0.686545
0.859296 0.635215 0.65297
0.904523 0.604708 0.618061
0.949749 0.5742 0.581887
0.994975 0.543692 0.544524
1.0402 0.502548 0.506047
1.08543 0.460075 0.466535
1.13065 0.417602 0.426069
1.17588 0.375129 0.384732
1.22111 0.332655 0.342607
1.26633 0.290182 0.299783
1.31156 0.247709 0.256345
1.35678 0.205236 0.212382
1.40201 0.162763 0.167986
1.44724 0.120289 0.123246
1.49246 0.0778161 0.0782539
1.53769 0.0340374 0.0331018
1.58291 -0.0100024 -0.0121179
1.62814 -0.0540421 -0.057313
1.67337 -0.0980819 -0.102391
1.71859 -0.142122 -0.147259
1.76382 -0.186161 -0.191826
1.80905 -0.230201 -0.236001
1.85427 -0.274241 -0.279694
1.8995 -0.318281 -0.322814
1.94472 -0.36232 -0.365274
1.98995 -0.40636 -0.406987
2.03518 -0.443232 -0.447868
2.0804 -0.478056 -0.487833
2.12563 -0.51288 -0.5268
2.17085 -0.547704 -0.56469
2.21608 -0.582527 -0.601425
2.26131 -0.617351 -0.636931
2.30653 -0.652175 -0.671133
2.35176 -0.686999 -0.703963
2.39698 -0.721823 -0.735354
2.44221 -0.756647 -0.76524
2.48744 -0.79147 -0.793562
2.53266 -0.81348 -0.820261
2.57789 -0.830562 -0.845282
2.62312 -0.847644 -0.868575
2.66834 -0.864726 -0.890091
2.71357 -0.881808 -0.909787
2.75879 -0.89889 -0.927623
2.80402 -0.915971 -0.943561
2.84925 -0.933053 -0.95757
2.89447 -0.950135 -0.969621
2.9397 -0.967217 -0.979689
2.98492 -0.984299 -0.987753
3.03015 -0.986764 -0.993797
3.07538 -0.981922 -0.997809
3.1206 -0.977079 -0.99978
3.16583 -0.972237 -0.999706
3.21106 -0.967394 -0.997588
3.25628 -0.962552 -0.99343
3.30151 -0.95771 -0.987241
3.34673 -0.952867 -0.979032
3.39196 -0.948025 -0.968822
3.43719 -0.943182 -0.956629
3.48241 -0.93834 -0.942481
3.52764 -0.920824 -0.926405
3.57286 -0.895243 -0.908435
3.61809 -0.869662 -0.888607
3.66332 -0.844081 -0.866961
3.70854 -0.818499 -0.843543
3.75377 -0.792918 -0.818399
3.79899 -0.767337 -0.791582
3.84422 -0.741756 -0.763146
3.88945 -0.716175 -0.73315
3.93467 -0.690594 -0.701654
3.9799 -0.665013 -0.668723
4.02513 -0.63139 -0.634424
4.07035 -0.591333 -0.598828
4.11558 -0.551277 -0.562008
4.1608 -0.51122 -0.524038
4.20603 -0.471164 -0.484996
4.25126 -0.431107 -0.444963
4.29648 -0.39105 -0.404019
4.34171 -0.350994 -0.36225
4.38693 -0.310937 -0.319739
4.43216 -0.270881 -0.276575
4.47739 -0.230824 -0.232845
4.52261 -0.188433 -0.188639
4.56784 -0.143709 -0.144047
4.61307 -0.0989837 -0.0991604
4.65829 -0.0542588 -0.0540711
4.70352 -0.00953401 -0.00887128
4.74874 0.0351908 0.0363467
4.79397 0.0799157 0.0814904
4.8392 0.124641 0.126467
4.88442 0.169365 0.171186
4.92965 0.21409 0.215554
4.97487 0.258815 0.259482
5.0201 0.300748 0.302878
5.06533 0.339191 0.345656
5.11055 0.377634 0.387726
5.15578 0.416077 0.429004
5.20101 0.45452 0.469404
5.24623 0.492962 0.508845
5.29146 0.531405 0.547244
5.33668 0.569848 0.584525
5.38191 0.608291 0.62061
5.42714 0.646734 0.655426
5.47236 0.685177 0.688902
5.51759 0.717517 0.720969
5.56281 0.740265 0.751561
5.60804 0.763014 0.780616
5.65327 0.785763 0.808075
5.69849 0.808512 0.833882
5.74372 0.83126 0.857983
5.78894 0.854009 0.880329
5.83417 0.876758 0.900875
5.8794 0.899507 0.919579
5.92462 0.922256 0.936402
5.96985 0.945004 0.951311
6.01508 0.960665 0.964273
6.0603 0.96215 0.975264
6.10553 0.963635 0.98426
6.15075 0.96512 0.991244
6.19598 0.966605 0.9962
6.24121 0.96809 0.999119
6.28643 0.969575 0.999995
6.33166 0.97106 0.998825
6.37688 0.972545 0.995613
6.42211 0.97403 0.990365
6.46734 0.975515 0.983092
6.51256 0.970993 0.973808
6.55779 0.95085 0.962533
6.60302 0.930708 0.949289
6.64824 0.910565 0.934104
6.69347 0.890423 0.917008
6.73869 0.870281 0.898038
6.78392 0.850138 0.87723
6.82915 0.829996 0.854629
6.87437 0.809853 0.83028
6.9196 0.789711 0.804233
6.96482 0.769569 0.776541
7.01005 0.745716 0.747261
7.05528 0.708878 0.716453
7.1005 0.67204 0.68418
7.14573 0.635201 0.650508
7.19095 0.598363 0.615505
7.23618 0.561525 0.579244
7.28141 0.524687 0.541798
7.32663 0.487848 0.503244
7.37186 0.45101 0.463661
7.41709 0.414172 0.423129
7.46231 0.377334 0.381733
7.50754 0.339216 0.339555
7.55276 0.294701 0.296683
7.59799 0.250187 0.253205
7.64322 0.205672 0.209209
7.68844 0.161157 0.164784
7.73367 0.116642 0.120023
7.77889 0.0721277 0.0750166
7.82412 0.0276129 0.0298566
7.86935 -0.0169019 -0.0153645
7.91457 -0.0614166 -0.0605542
7.9598 -0.105931 -0.10562
8.00503 -0.150088 -0.15047
8.05025 -0.191381 -0.195012
8.09548 -0.232673 -0.239155
8.1407 -0.273966 -0.282809
8.18593 -0.315258 -0.325885
8.23116 -0.356551 -0.368295
8.27638 -0.397843 -0.409951
8.32161 -0.439136 -0.450769
8.36683 -0.480428 -0.490665
8.41206 -0.521721 -0.529557
8.45729 -0.563013 -0.567367
8.50251 -0.603565 -0.604016
8.54774 -0.631526 -0.63943
8.59296 -0.659486 -0.673537
8.63819 -0.687447 -0.706266
8.68342 -0.715407 -0.73755
8.72864 -0.743368 -0.767327
8.77387 -0.771328 -0.795534
8.8191 -0.799288 -0.822114
8.86432 -0.827249 -0.847013
8.90955 -0.855209 -0.870179
8.95477 -0.88317 -0.891566
9 -0.91113 -0.91113
