0.0001 0.0001
0.00165531 0.00165289
0.00289772 0.0028899
0.00408402 0.00406817
0.00522219 0.00519601
0.00632509 0.00628644
0.00740318 0.00735001
0.00846403 0.00839434
0.00951292 0.0094247
0.0105535 0.0104447
0.0115882 0.0114569
0.0126187 0.0124629
0.0136463 0.0134639
0.0146716 0.0144608
0.0156954 0.0154541
0.0167181 0.0164441
0.0177398 0.0174313
0.0187608 0.0184157
0.0197813 0.0193977
0.0208015 0.0203772
0.0218213 0.0213545
0.0228409 0.0223295
0.0238603 0.0233023
0.0248797 0.0242731
0.0258989 0.0252417
0.0269182 0.0262084
0.0279374 0.027173
0.0289566 0.0281357
0.0299759 0.0290964
0.0309952 0.0300551
0.0320146 0.031012
0.0330341 0.031967
0.0340538 0.0329201
0.0350735 0.0338713
0.0360934 0.0348207
0.0371134 0.0357682
0.0381336 0.036714
0.0391539 0.0376579
0.0401744 0.0386
0.0411951 0.0395403
0.042216 0.0404788
0.0432371 0.0414156
0.0442583 0.0423506
0.0452798 0.0432838
0.0463015 0.0442152
0.0473234 0.0451449
0.0483456 0.0460729
0.0493679 0.0469991
0.0503905 0.0479236
0.0514133 0.0488464
0.0524364 0.0497674
0.0534597 0.0506867
0.0544833 0.0516044
0.0555071 0.0525203
0.0565311 0.0534345
0.0575554 0.054347
0.05858 0.0552578
0.0596049 0.0561669
0.06063 0.0570744
0.0616553 0.0579801
0.062681 0.0588842
0.0637069 0.0597866
0.0647331 0.0606874
0.0657596 0.0615864
0.0667864 0.0624838
0.0678134 0.0633796
0.0688407 0.0642737
0.0698684 0.0651661
0.0708963 0.0660569
0.0719245 0.0669461
0.072953 0.0678336
0.0739818 0.0687195
0.0750109 0.0696037
0.0760403 0.0704863
0.07707 0.0713673
0.0781 0.0722466
0.0791303 0.0731244
0.080161 0.0740005
0.0811919 0.0748749
0.0822232 0.0757478
0.0832548 0.0766191
0.0842866 0.0774887
0.0853189 0.0783567
0.0863514 0.0792232
0.0873842 0.080088
0.0884174 0.0809512
0.0894509 0.0818129
0.0904848 0.0826729
0.0915189 0.0835314
0.0925534 0.0843882
0.0935882 0.0852435
0.0946234 0.0860972
0.0956589 0.0869493
0.0966947 0.0877998
0.0977309 0.0886488
0.0987674 0.0894962
0.0998043 0.090342
0.100841 0.0911862
0.101879 0.0920289
0.102917 0.09287
0.103955 0.0937096
0.104994 0.0945475
0.106033 0.095384
0.107072 0.0962189
0.108112 0.0970522
0.109152 0.0978839
0.110192 0.0987142
0.111233 0.0995429
0.112274 0.10037
0.113315 0.101196
0.114357 0.10202
0.115399 0.102842
0.116442 0.103663
0.117485 0.104483
0.118528 0.105301
0.119572 0.106117
0.120616 0.106932
0.12166 0.107745
0.122705 0.108557
0.12375 0.109367
0.124796 0.110176
0.125842 0.110983
0.126888 0.111789
0.127935 0.112593
0.128982 0.113396
0.13003 0.114197
0.131077 0.114997
0.132126 0.115795
0.133174 0.116592
0.134223 0.117387
0.135273 0.118181
0.136323 0.118973
0.137373 0.119764
0.138424 0.120553
0.139475 0.121341
0.140526 0.122127
0.141578 0.122912
0.14263 0.123695
0.143683 0.124477
0.144736 0.125257
0.14579 0.126036
0.146844 0.126814
0.147898 0.12759
0.148953 0.128364
0.150008 0.129137
0.151063 0.129909
0.152119 0.130679
0.153176 0.131447
0.154233 0.132214
0.15529 0.13298
0.156348 0.133744
0.157406 0.134507
0.158464 0.135268
0.159523 0.136028
0.160583 0.136787
0.161643 0.137544
0.162703 0.138299
0.163764 0.139053
0.164825 0.139806
0.165887 0.140557
0.166949 0.141307
0.168011 0.142055
0.169074 0.142802
0.170137 0.143547
0.171201 0.144291
0.172266 0.145034
0.17333 0.145775
0.174396 0.146515
0.175461 0.147253
0.176528 0.14799
0.177594 0.148725
0.178661 0.149459
0.179729 0.150192
0.180797 0.150923
0.181865 0.151653
0.182934 0.152381
0.184004 0.153108
0.185073 0.153834
0.186144 0.154558
0.187215 0.155281
0.188286 0.156002
0.189358 0.156722
0.19043 0.157441
0.191503 0.158158
0.192576 0.158874
0.19365 0.159588
0.194724 0.160301
0.195799 0.161013
0.196874 0.161723
0.197949 0.162432
0.199026 0.163139
0.200102 0.163845
0.201179 0.16455
0.202257 0.165253
0.203335 0.165955
0.204414 0.166655
0.205493 0.167355
0.206573 0.168052
0.207653 0.168749
0.208734 0.169444
0.209815 0.170137
0.210897 0.17083
0.211979 0.171521
0.213062 0.17221
0.214145 0.172898
0.215229 0.173585
0.216313 0.174271
0.217398 0.174955
0.218484 0.175638
0.21957 0.176319
0.220656 0.176999
0.221743 0.177678
0.222831 0.178355
0.223919 0.179031
0.225007 0.179706
0.226097 0.180379
0.227186 0.181051
0.228277 0.181722
0.229367 0.182391
0.230459 0.183059
0.231551 0.183725
0.232643 0.184391
0.233736 0.185055
0.23483 0.185717
0.235924 0.186379
0.237019 0.187039
0.238114 0.187697
0.23921 0.188354
0.240306 0.18901
0.241403 0.189665
0.242501 0.190318
0.243599 0.19097
0.244698 0.191621
0.245797 0.19227
0.246897 0.192919
0.247997 0.193565
0.249098 0.194211
0.2502 0.194855
0.251302 0.195498
0.252405 0.196139
0.253508 0.196779
0.254612 0.197418
0.255717 0.198056
0.256822 0.198692
0.257928 0.199327
0.259034 0.199961
0.260141 0.200593
0.261249 0.201224
0.262357 0.201854
0.263466 0.202482
0.264575 0.203109
0.265685 0.203735
0.266796 0.20436
0.267907 0.204983
0.269019 0.205605
0.270132 0.206226
0.271245 0.206846
0.272359 0.207464
0.273474 0.208081
0.274589 0.208696
0.275704 0.209311
0.276821 0.209924
0.277938 0.210535
0.279055 0.211146
0.280174 0.211755
0.281293 0.212363
0.282412 0.21297
0.283533 0.213575
0.284654 0.214179
0.285775 0.214782
0.286897 0.215384
0.28802 0.215984
0.289144 0.216583
0.290268 0.217181
0.291393 0.217778
0.292519 0.218373
0.293645 0.218967
0.294772 0.21956
0.2959 0.220151
0.297028 0.220742
0.298157 0.221331
0.299287 0.221918
0.300417 0.222505
0.301548 0.22309
0.30268 0.223674
0.303812 0.224257
0.304946 0.224838
0.30608 0.225419
0.307214 0.225998
0.308349 0.226576
0.309485 0.227152
0.310622 0.227727
0.31176 0.228301
0.312898 0.228874
0.314037 0.229446
0.315176 0.230016
0.316317 0.230585
0.317458 0.231153
0.3186 0.23172
0.319742 0.232285
0.320886 0.23285
0.32203 0.233413
0.323174 0.233974
0.32432 0.234535
0.325466 0.235094
0.326613 0.235652
0.327761 0.236209
0.328909 0.236765
0.330059 0.237319
0.331209 0.237872
0.33236 0.238424
0.333511 0.238975
0.334664 0.239525
0.335817 0.240073
0.336971 0.24062
0.338125 0.241166
0.339281 0.241711
0.340437 0.242254
0.341594 0.242796
0.342752 0.243337
0.343911 0.243877
0.34507 0.244416
0.346231 0.244953
0.347392 0.24549
0.348553 0.246025
0.349716 0.246559
0.35088 0.247091
0.352044 0.247623
0.353209 0.248153
0.354375 0.248682
0.355542 0.24921
0.356709 0.249736
0.357878 0.250262
0.359047 0.250786
0.360217 0.251309
0.361388 0.251831
0.36256 0.252352
0.363733 0.252871
0.364906 0.253389
0.36608 0.253906
0.367256 0.254422
0.368432 0.254937
0.369608 0.255451
0.370786 0.255963
0.371965 0.256474
0.373144 0.256984
0.374325 0.257493
0.375506 0.258001
0.376688 0.258507
0.377871 0.259012
0.379055 0.259516
0.38024 0.260019
0.381426 0.260521
0.382612 0.261022
0.3838 0.261521
0.384988 0.262019
0.386178 0.262516
0.387368 0.263012
0.388559 0.263507
0.389751 0.264
0.390944 0.264493
0.392138 0.264984
0.393333 0.265474
0.394529 0.265963
0.395725 0.26645
0.396923 0.266937
0.398122 0.267422
0.399321 0.267907
0.400522 0.26839
0.401723 0.268871
0.402926 0.269352
0.404129 0.269832
0.405333 0.27031
0.406539 0.270787
0.407745 0.271263
0.408952 0.271738
0.41016 0.272212
0.411369 0.272684
0.41258 0.273156
0.413791 0.273626
0.415003 0.274095
0.416216 0.274563
0.41743 0.27503
0.418646 0.275496
0.419862 0.27596
0.421079 0.276424
0.422297 0.276886
0.423516 0.277347
0.424737 0.277807
0.425958 0.278265
0.42718 0.278723
0.428404 0.27918
0.429628 0.279635
0.430853 0.280089
0.43208 0.280542
0.433307 0.280994
0.434536 0.281445
0.435766 0.281894
0.436996 0.282343
0.438228 0.28279
0.439461 0.283236
0.440695 0.283681
0.44193 0.284125
0.443166 0.284568
0.444403 0.285009
0.445641 0.28545
0.446881 0.285889
0.448121 0.286327
0.449363 0.286764
0.450605 0.2872
0.451849 0.287635
0.453094 0.288069
0.45434 0.288501
0.455587 0.288932
0.456835 0.289363
0.458085 0.289792
0.459335 0.29022
0.460587 0.290646
0.46184 0.291072
0.463094 0.291497
0.464349 0.29192
0.465605 0.292342
0.466863 0.292763
0.468121 0.293183
0.469381 0.293602
0.470642 0.29402
0.471904 0.294437
0.473167 0.294852
0.474432 0.295267
0.475698 0.29568
0.476965 0.296092
0.478233 0.296503
0.479502 0.296913
0.480773 0.297322
0.482044 0.297729
0.483317 0.298136
0.484591 0.298541
0.485867 0.298945
0.487144 0.299348
0.488421 0.29975
0.489701 0.300151
0.490981 0.300551
0.492263 0.300949
0.493545 0.301347
0.49483 0.301743
0.496115 0.302138
0.497402 0.302532
0.49869 0.302925
0.499979 0.303317
0.50127 0.303708
0.502561 0.304098
0.503855 0.304486
0.505149 0.304873
0.506445 0.30526
0.507742 0.305645
0.50904 0.306029
0.51034 0.306412
0.511641 0.306793
0.512943 0.307174
0.514247 0.307553
0.515552 0.307932
0.516859 0.308309
0.518166 0.308685
0.519476 0.30906
0.520786 0.309434
0.522098 0.309807
0.523411 0.310178
0.524726 0.310549
0.526042 0.310918
0.527359 0.311287
0.528678 0.311654
0.529998 0.31202
0.53132 0.312385
0.532642 0.312749
0.533967 0.313111
0.535293 0.313473
0.53662 0.313833
0.537949 0.314193
0.539279 0.314551
0.54061 0.314908
0.541943 0.315264
0.543278 0.315619
0.544614 0.315972
0.545951 0.316325
0.54729 0.316676
0.54863 0.317027
0.549972 0.317376
0.551315 0.317724
0.55266 0.318071
0.554007 0.318417
0.555354 0.318762
0.556704 0.319105
0.558055 0.319448
0.559407 0.319789
0.560761 0.320129
0.562116 0.320468
0.563473 0.320806
0.564832 0.321143
0.566192 0.321479
0.567553 0.321814
0.568917 0.322147
0.570281 0.32248
0.571648 0.322811
0.573016 0.323141
0.574385 0.32347
0.575756 0.323798
0.577129 0.324125
0.578503 0.32445
0.579879 0.324775
0.581257 0.325098
0.582636 0.32542
0.584016 0.325741
0.585399 0.326061
0.586783 0.32638
0.588169 0.326698
0.589556 0.327015
0.590945 0.32733
0.592336 0.327644
0.593728 0.327958
0.595122 0.32827
0.596518 0.328581
0.597915 0.32889
0.599315 0.329199
0.600715 0.329507
0.602118 0.329813
0.603522 0.330118
0.604928 0.330423
0.606336 0.330726
0.607746 0.331027
0.609157 0.331328
0.61057 0.331628
0.611984 0.331926
0.613401 0.332224
0.614819 0.33252
0.616239 0.332815
0.617661 0.333109
0.619085 0.333402
0.62051 0.333693
0.621938 0.333984
0.623367 0.334273
0.624798 0.334561
0.62623 0.334849
0.627665 0.335135
0.629101 0.335419
0.63054 0.335703
0.63198 0.335985
0.633422 0.336267
0.634866 0.336547
0.636311 0.336826
0.637759 0.337104
0.639209 0.337381
0.64066 0.337657
0.642113 0.337931
0.643569 0.338204
0.645026 0.338477
0.646485 0.338748
0.647946 0.339017
0.649409 0.339286
0.650874 0.339554
0.652341 0.33982
0.65381 0.340085
0.655281 0.340349
0.656754 0.340612
0.658229 0.340874
0.659705 0.341135
0.661184 0.341394
0.662665 0.341653
0.664148 0.34191
0.665633 0.342166
0.66712 0.342421
0.668609 0.342674
0.6701 0.342927
0.671593 0.343178
0.673088 0.343428
0.674586 0.343677
0.676085 0.343925
0.677587 0.344172
0.67909 0.344417
0.680596 0.344661
0.682104 0.344904
0.683614 0.345146
0.685126 0.345387
0.68664 0.345627
0.688156 0.345865
0.689675 0.346102
0.691196 0.346338
0.692719 0.346573
0.694244 0.346807
0.695771 0.34704
0.6973 0.347271
0.698832 0.347501
0.700366 0.34773
0.701902 0.347958
0.703441 0.348184
0.704981 0.34841
0.706524 0.348634
0.708069 0.348857
0.709617 0.349079
0.711167 0.349299
0.712719 0.349519
0.714273 0.349737
0.71583 0.349954
0.717389 0.35017
0.71895 0.350384
0.720514 0.350598
0.72208 0.35081
0.723648 0.351021
0.725219 0.351231
0.726792 0.351439
0.728367 0.351647
0.729945 0.351853
0.731525 0.352058
0.733108 0.352261
0.734693 0.352464
0.736281 0.352665
0.737871 0.352865
0.739463 0.353064
0.741058 0.353262
0.742656 0.353458
0.744256 0.353653
0.745858 0.353847
0.747463 0.35404
0.74907 0.354232
0.75068 0.354422
0.752293 0.354611
0.753908 0.354799
0.755525 0.354985
0.757145 0.35517
0.758768 0.355355
0.760393 0.355537
0.762021 0.355719
0.763652 0.355899
0.765285 0.356078
0.76692 0.356256
0.768559 0.356433
0.7702 0.356608
0.771843 0.356782
0.77349 0.356955
0.775139 0.357127
0.77679 0.357297
0.778445 0.357466
0.780102 0.357634
0.781762 0.357801
0.783424 0.357966
0.78509 0.35813
0.786758 0.358293
0.788429 0.358454
0.790102 0.358614
0.791779 0.358773
0.793458 0.358931
0.79514 0.359087
0.796825 0.359242
0.798513 0.359396
0.800203 0.359549
0.801897 0.3597
0.803593 0.35985
0.805292 0.359999
0.806994 0.360146
0.808699 0.360292
0.810407 0.360437
0.812118 0.36058
0.813832 0.360722
0.815548 0.360863
0.817268 0.361003
0.818991 0.361141
0.820716 0.361278
0.822445 0.361414
0.824177 0.361548
0.825912 0.361681
0.827649 0.361813
0.82939 0.361943
0.831134 0.362072
0.832881 0.3622
0.834631 0.362326
0.836384 0.362451
0.838141 0.362575
0.8399 0.362697
0.841663 0.362819
0.843428 0.362938
0.845197 0.363057
0.84697 0.363174
0.848745 0.363289
0.850523 0.363404
0.852305 0.363517
0.85409 0.363628
0.855878 0.363739
0.85767 0.363848
0.859465 0.363955
0.861263 0.364061
0.863064 0.364166
0.864869 0.36427
0.866677 0.364372
0.868489 0.364473
0.870303 0.364572
0.872122 0.36467
0.873943 0.364767
0.875768 0.364862
0.877597 0.364956
0.879429 0.365048
0.881264 0.365139
0.883103 0.365229
0.884945 0.365317
0.886791 0.365404
0.88864 0.365489
0.890493 0.365573
0.892349 0.365656
0.894209 0.365737
0.896073 0.365817
0.89794 0.365896
0.899811 0.365973
0.901685 0.366048
0.903563 0.366122
0.905445 0.366195
0.90733 0.366266
0.909219 0.366336
0.911112 0.366405
0.913008 0.366472
0.914909 0.366537
0.916813 0.366601
0.91872 0.366664
0.920632 0.366725
0.922547 0.366785
0.924466 0.366843
0.926389 0.3669
0.928316 0.366955
0.930247 0.367009
0.932181 0.367062
0.93412 0.367113
0.936062 0.367162
0.938009 0.36721
0.939959 0.367257
0.941914 0.367302
0.943872 0.367345
0.945834 0.367387
0.947801 0.367428
0.949771 0.367467
0.951746 0.367504
0.953725 0.367541
0.955707 0.367575
0.957694 0.367608
0.959685 0.36764
0.96168 0.36767
0.96368 0.367698
0.965683 0.367725
0.967691 0.36775
0.969703 0.367774
0.97172 0.367797
0.97374 0.367818
0.975765 0.367837
0.977795 0.367855
0.979828 0.367871
0.981866 0.367885
0.983909 0.367898
0.985955 0.36791
0.988007 0.36792
0.990062 0.367928
0.992122 0.367935
0.994187 0.36794
0.996256 0.367944
0.99833 0.367946
1.00041 0.367946
1.00249 0.367945
1.00458 0.367942
1.00667 0.367938
1.00877 0.367932
1.01087 0.367925
1.01297 0.367915
1.01509 0.367905
1.0172 0.367892
1.01932 0.367878
1.02145 0.367863
1.02358 0.367845
1.02571 0.367826
1.02785 0.367806
1.02999 0.367784
1.03214 0.36776
1.0343 0.367734
1.03646 0.367707
1.03862 0.367678
1.04079 0.367648
1.04297 0.367616
1.04514 0.367582
1.04733 0.367546
1.04952 0.367509
1.05171 0.36747
1.05391 0.36743
1.05612 0.367388
1.05833 0.367344
1.06054 0.367298
1.06276 0.36725
1.06499 0.367201
1.06722 0.367151
1.06946 0.367098
1.0717 0.367044
1.07395 0.366988
1.0762 0.36693
1.07846 0.36687
1.08072 0.366809
1.08299 0.366746
1.08527 0.366681
1.08755 0.366615
1.08983 0.366547
1.09212 0.366476
1.09442 0.366405
1.09673 0.366331
1.09903 0.366256
1.10135 0.366178
1.10367 0.366099
1.10599 0.366019
1.10833 0.365936
1.11066 0.365851
1.11301 0.365765
1.11536 0.365677
1.11771 0.365587
1.12007 0.365495
1.12244 0.365402
1.12482 0.365306
1.1272 0.365209
1.12958 0.36511
1.13197 0.365009
1.13437 0.364906
1.13678 0.364801
1.13919 0.364694
1.14161 0.364586
1.14403 0.364475
1.14646 0.364363
1.1489 0.364249
1.15134 0.364133
1.15379 0.364015
1.15624 0.363895
1.15871 0.363773
1.16117 0.363649
1.16365 0.363523
1.16613 0.363395
1.16862 0.363266
1.17112 0.363134
1.17362 0.363
1.17613 0.362865
1.17865 0.362727
1.18117 0.362588
1.1837 0.362446
1.18624 0.362303
1.18878 0.362157
1.19133 0.362009
1.19389 0.36186
1.19646 0.361708
1.19903 0.361555
1.20161 0.361399
1.2042 0.361241
1.20679 0.361081
1.20939 0.36092
1.212 0.360756
1.21462 0.36059
1.21724 0.360422
1.21988 0.360251
1.22252 0.360079
1.22516 0.359905
1.22782 0.359728
1.23048 0.35955
1.23315 0.359369
1.23583 0.359186
1.23852 0.359001
1.24121 0.358814
1.24391 0.358625
1.24662 0.358433
1.24934 0.35824
1.25207 0.358044
1.2548 0.357846
1.25755 0.357646
1.2603 0.357443
1.26306 0.357239
1.26583 0.357032
1.2686 0.356823
1.27139 0.356612
1.27418 0.356398
1.27699 0.356182
1.2798 0.355964
1.28262 0.355744
1.28545 0.355521
1.28828 0.355297
1.29113 0.355069
1.29399 0.35484
1.29685 0.354608
1.29973 0.354374
1.30261 0.354138
1.3055 0.353899
1.3084 0.353658
1.31131 0.353414
1.31423 0.353168
1.31716 0.35292
1.3201 0.352669
1.32305 0.352416
1.32601 0.352161
1.32898 0.351903
1.33196 0.351643
1.33495 0.35138
1.33795 0.351115
1.34096 0.350847
1.34397 0.350577
1.347 0.350304
1.35004 0.350029
1.35309 0.349751
1.35615 0.349471
1.35922 0.349189
1.36231 0.348903
1.3654 0.348616
1.3685 0.348325
1.37161 0.348032
1.37474 0.347737
1.37787 0.347439
1.38102 0.347138
1.38418 0.346835
1.38735 0.346529
1.39053 0.346221
1.39372 0.345909
1.39692 0.345596
1.40014 0.345279
1.40336 0.34496
1.4066 0.344638
1.40985 0.344313
1.41311 0.343986
1.41639 0.343656
1.41968 0.343323
1.42297 0.342987
1.42629 0.342649
1.42961 0.342308
1.43295 0.341964
1.43629 0.341617
1.43966 0.341267
1.44303 0.340915
1.44642 0.340559
1.44982 0.340201
1.45323 0.33984
1.45666 0.339476
1.4601 0.339109
1.46356 0.338739
1.46702 0.338366
1.4705 0.33799
1.474 0.337611
1.47751 0.337229
1.48103 0.336845
1.48457 0.336457
1.48812 0.336066
1.49169 0.335672
1.49527 0.335275
1.49887 0.334874
1.50248 0.334471
1.50611 0.334065
1.50975 0.333655
1.5134 0.333242
1.51708 0.332826
1.52076 0.332407
1.52447 0.331985
1.52819 0.331559
1.53192 0.33113
1.53567 0.330698
1.53944 0.330263
1.54323 0.329824
1.54703 0.329382
1.55085 0.328936
1.55468 0.328488
1.55853 0.328035
1.5624 0.32758
1.56629 0.327121
1.57019 0.326658
1.57412 0.326192
1.57806 0.325722
1.58202 0.325249
1.58599 0.324773
1.58999 0.324292
1.594 0.323809
1.59804 0.323321
1.60209 0.32283
1.60616 0.322335
1.61025 0.321837
1.61436 0.321335
1.61849 0.320829
1.62264 0.320319
1.62682 0.319806
1.63101 0.319288
1.63522 0.318767
1.63945 0.318242
1.64371 0.317713
1.64799 0.31718
1.65228 0.316644
1.6566 0.316103
1.66095 0.315558
1.66531 0.315009
1.6697 0.314456
1.67411 0.313899
1.67854 0.313338
1.683 0.312773
1.68748 0.312203
1.69199 0.311629
1.69652 0.311051
1.70107 0.310469
1.70565 0.309883
1.71026 0.309292
1.71489 0.308696
1.71954 0.308096
1.72422 0.307492
1.72893 0.306883
1.73367 0.30627
1.73843 0.305652
1.74322 0.30503
1.74804 0.304402
1.75288 0.30377
1.75776 0.303134
1.76266 0.302493
1.76759 0.301846
1.77255 0.301195
1.77755 0.300539
1.78257 0.299879
1.78762 0.299213
1.79271 0.298542
1.79782 0.297866
1.80297 0.297185
1.80815 0.296498
1.81336 0.295807
1.81861 0.29511
1.82389 0.294408
1.82921 0.293701
1.83456 0.292988
1.83994 0.29227
1.84536 0.291546
1.85082 0.290817
1.85631 0.290082
1.86184 0.289341
1.86741 0.288595
1.87302 0.287842
1.87867 0.287084
1.88435 0.28632
1.89008 0.28555
1.89585 0.284774
1.90166 0.283992
1.90751 0.283204
1.9134 0.28241
1.91933 0.281609
1.92532 0.280802
1.93134 0.279988
1.93741 0.279168
1.94353 0.278342
1.94969 0.277509
1.9559 0.276669
1.96216 0.275822
1.96847 0.274969
1.97482 0.274109
1.98123 0.273241
1.98769 0.272367
1.9942 0.271485
2.00077 0.270596
2.00739 0.2697
2.01406 0.268797
2.02079 0.267886
2.02758 0.266967
2.03442 0.266041
2.04133 0.265107
2.04829 0.264165
2.05531 0.263216
2.0624 0.262258
2.06954 0.261293
2.07675 0.260319
2.08403 0.259337
2.09137 0.258347
2.09878 0.257348
2.10625 0.256341
2.1138 0.255325
2.12142 0.2543
2.1291 0.253267
2.13686 0.252225
2.1447 0.251174
2.15261 0.250114
2.16059 0.249045
2.16865 0.247966
2.17679 0.246879
2.18501 0.245782
2.19332 0.244676
2.2017 0.24356
2.21017 0.242435
2.21872 0.2413
2.22736 0.240156
2.23608 0.239002
2.24489 0.237838
2.2538 0.236665
2.26279 0.235482
2.27187 0.234289
2.28105 0.233086
2.29032 0.231874
2.29968 0.230651
2.30914 0.229419
2.31869 0.228178
2.32834 0.226927
2.33808 0.225666
2.34793 0.224396
2.35787 0.223117
2.36791 0.221828
2.37804 0.22053
2.38827 0.219224
2.39861 0.217909
2.40903 0.216585
2.41956 0.215254
2.43018 0.213914
2.44089 0.212567
2.4517 0.211212
2.4626 0.209851
2.4736 0.208482
2.48468 0.207108
2.49585 0.205728
2.5071 0.204342
2.51844 0.202951
2.52985 0.201556
2.54135 0.200157
2.55292 0.198755
2.56456 0.19735
2.57628 0.195942
2.58805 0.194532
2.59989 0.193121
2.61179 0.19171
2.62375 0.190298
2.63575 0.188886
2.64781 0.187476
2.65991 0.186067
2.67205 0.184659
2.68423 0.183255
2.69645 0.181853
2.70869 0.180455
2.72097 0.17906
2.73327 0.17767
2.74559 0.176285
2.75793 0.174905
2.77028 0.17353
2.78265 0.172162
2.79503 0.170799
2.80741 0.169443
2.81981 0.168094
2.83221 0.166752
2.84461 0.165418
2.85701 0.16409
2.86941 0.162771
2.88181 0.161459
2.8942 0.160155
2.90659 0.158859
2.91897 0.157572
2.93135 0.156292
2.94372 0.155021
2.95608 0.153759
2.96844 0.152505
2.98078 0.151259
2.99312 0.150022
3.00544 0.148793
3.01776 0.147573
3.03007 0.146362
3.04237 0.145159
3.05465 0.143964
3.06693 0.142778
3.0792 0.1416
3.09146 0.140431
3.10371 0.139269
3.11595 0.138116
3.12819 0.136972
3.14041 0.135835
3.15263 0.134707
3.16484 0.133586
3.17705 0.132473
3.18925 0.131369
3.20144 0.130272
3.21363 0.129182
3.22581 0.128101
3.23799 0.127027
3.25016 0.12596
3.26234 0.124901
3.27451 0.123849
3.28668 0.122805
3.29885 0.121767
3.31101 0.120737
3.32318 0.119714
3.33535 0.118698
3.34752 0.117689
3.35969 0.116687
3.37187 0.115691
3.38405 0.114702
3.39623 0.11372
3.40842 0.112744
3.42061 0.111775
3.43281 0.110812
3.44501 0.109856
3.45722 0.108906
3.46944 0.107962
3.48167 0.107024
3.49391 0.106093
3.50616 0.105167
3.51842 0.104248
3.53069 0.103334
3.54297 0.102427
3.55526 0.101525
3.56757 0.100629
3.57989 0.0997381
3.59223 0.0988532
3.60458 0.097974
3.61694 0.0971004
3.62933 0.0962322
3.64173 0.0953694
3.65415 0.094512
3.66658 0.09366
3.67904 0.0928133
3.69151 0.0919718
3.70401 0.0911355
3.71653 0.0903043
3.72907 0.0894782
3.74163 0.0886572
3.75421 0.0878413
3.76682 0.0870303
3.77945 0.0862242
3.79211 0.085423
3.80479 0.0846267
3.8175 0.0838351
3.83024 0.0830484
3.84301 0.0822664
3.8558 0.0814891
3.86862 0.0807164
3.88148 0.0799484
3.89436 0.0791849
3.90728 0.0784261
3.92023 0.0776717
3.93321 0.0769218
3.94622 0.0761764
3.95927 0.0754354
3.97235 0.0746988
3.98547 0.0739665
3.99863 0.0732386
4.01182 0.072515
4.02505 0.0717956
4.03832 0.0710805
4.05163 0.0703696
4.06498 0.0696629
4.07837 0.0689603
4.09181 0.0682619
4.10528 0.0675675
4.1188 0.0668773
4.13236 0.0661911
4.14597 0.0655089
4.15963 0.0648307
4.17333 0.0641566
4.18708 0.0634863
4.20088 0.06282
4.21473 0.0621576
4.22862 0.0614991
4.24257 0.0608445
4.25657 0.0601937
4.27063 0.0595467
4.28474 0.0589035
4.2989 0.0582641
4.31312 0.0576285
4.3274 0.0569966
4.34173 0.0563685
4.35613 0.055744
4.37058 0.0551232
4.38509 0.0545061
4.39967 0.0538926
4.41431 0.0532828
4.42901 0.0526766
4.44378 0.0520739
4.45862 0.0514749
4.47352 0.0508794
4.48849 0.0502875
4.50353 0.0496991
4.51864 0.0491142
4.53383 0.0485328
4.54909 0.0479549
4.56442 0.0473805
4.57983 0.0468095
4.59531 0.046242
4.61088 0.0456779
4.62652 0.0451172
4.64225 0.0445599
4.65805 0.044006
4.67395 0.0434555
4.68992 0.0429084
4.70599 0.0423646
4.72214 0.0418241
4.73839 0.041287
4.75472 0.0407532
4.77115 0.0402227
4.78768 0.0396954
4.8043 0.0391715
4.82102 0.0386508
4.83784 0.0381334
4.85476 0.0376193
4.87178 0.0371083
4.88891 0.0366007
4.90615 0.0360962
4.9235 0.0355949
4.94095 0.0350969
4.95853 0.034602
4.97621 0.0341103
4.99402 0.0336218
5.01194 0.0331365
5.02999 0.0326543
5.04816 0.0321753
5.06646 0.0316994
5.08489 0.0312266
5.10345 0.030757
5.12214 0.0302905
5.14097 0.0298271
5.15994 0.0293667
5.17905 0.0289095
5.19831 0.0284554
5.21772 0.0280043
5.23727 0.0275563
5.25698 0.0271114
5.27685 0.0266696
5.29688 0.0262307
5.31707 0.025795
5.33742 0.0253622
5.35795 0.0249325
5.37865 0.0245059
5.39953 0.0240822
5.4206 0.0236615
5.44184 0.0232439
5.46328 0.0228292
5.48491 0.0224176
5.50674 0.0220089
5.52877 0.0216032
5.55101 0.0212005
5.57346 0.0208007
5.59613 0.0204039
5.61902 0.02001
5.64213 0.0196191
5.66548 0.0192311
5.68907 0.0188461
5.7129 0.018464
5.73698 0.0180848
5.76132 0.0177084
5.78592 0.017335
5.81079 0.0169645
5.83593 0.0165969
5.86136 0.0162321
5.88708 0.0158702
5.9131 0.0155111
5.93943 0.0151549
5.96607 0.0148015
5.99303 0.0144509
6.02033 0.0141031
6.04797 0.0137581
6.07596 0.0134159
6.10431 0.0130765
6.13304 0.0127398
6.16215 0.0124058
6.19165 0.0120745
6.22157 0.0117459
6.2519 0.0114199
6.28267 0.0110966
6.31388 0.0107759
6.34556 0.0104578
6.37772 0.0101423
6.41036 0.00982926
6.44352 0.00951871
6.47721 0.00921062
6.51144 0.00890492
6.54624 0.00860159
6.58162 0.00830057
6.61761 0.0080018
6.65423 0.00770522
6.69151 0.00741077
6.72946 0.00711838
6.76811 0.00682798
6.8075 0.00653946
6.84765 0.00625275
6.88859 0.00596773
6.93035 0.0056843
6.97296 0.00540233
7.01647 0.00512168
7.0609 0.00484222
7.1063 0.00456376
7.1527 0.00428615
7.20013 0.00400917
7.24865 0.00373263
7.29829 0.00345629
7.34908 0.00317991
7.40107 0.00290322
7.45428 0.00262594
7.50874 0.00234778
7.56447 0.00206844
7.62146 0.00178761
7.67972 0.001505
7.73921 0.00122031
7.79987 0.00093331
7.86161 0.000643794
7.92432 0.000351632
7.98784 5.67791e-05
8 3.24697e-07
