0.1 2.25271
0.15 1.82781
0.2 1.52406
0.25 1.28802
0.3 1.0958
0.35 0.934581
0.4 0.796678
0.45 0.677087
0.5 0.572365
0.55 0.480031
0.6 0.398234
0.65 0.325552
0.7 0.260867
0.75 0.203281
0.8 0.15206
0.85 0.106595
0.9 0.0663762
0.95 0.0309688
1 -1.09351e-08
1.05 -0.0268531
1.1 -0.0498725
1.15 -0.0693062
1.2 -0.0853741
1.25 -0.0982718
1.3 -0.108175
1.35 -0.115241
1.4 -0.119613
1.45 -0.121421
1.5 -0.120782
1.55 -0.117806
1.6 -0.112592
1.65 -0.105231
1.7 -0.0958077
1.75 -0.0844011
1.8 -0.0710839
1.85 -0.0559238
1.9 -0.0389843
1.95 -0.0203245
2 -1.09351e-08
2.05 0.0219371
2.1 0.0454377
2.15 0.0704557
2.2 0.0969475
2.25 0.124872
2.3 0.154189
2.35 0.184864
2.4 0.216859
2.45 0.250143
2.5 0.284683
2.55 0.320449
2.6 0.357412
2.65 0.395545
2.7 0.434821
2.75 0.475215
2.8 0.516703
2.85 0.559262
2.9 0.60287
2.95 0.647505
3 0.693147
3.05 0.739777
3.1 0.787375
3.15 0.835924
3.2 0.885405
3.25 0.935802
3.3 0.987099
3.35 1.03928
3.4 1.09233
3.45 1.14623
3.5 1.20097
3.55 1.25654
3.6 1.31292
3.65 1.3701
3.7 1.42807
3.75 1.48682
3.8 1.54632
3.85 1.60658
3.9 1.66758
3.95 1.72931
4 1.79176
4.05 1.85492
4.1 1.91878
4.15 1.98333
4.2 2.04856
4.25 2.11446
4.3 2.18102
4.35 2.24824
4.4 2.3161
4.45 2.38461
4.5 2.45374
4.55 2.52349
4.6 2.59386
4.65 2.66483
4.7 2.73641
4.75 2.80857
4.8 2.88132
4.85 2.95465
4.9 3.02856
4.95 3.10303
5 3.17805
5.05 3.25364
5.1 3.32976
5.15 3.40643
5.2 3.48364
5.25 3.56138
5.3 3.63964
5.35 3.71842
5.4 3.79771
5.45 3.87751
5.5 3.95781
5.55 4.03862
5.6 4.11991
5.65 4.2017
5.7 4.28397
5.75 4.36672
5.8 4.44994
5.85 4.53363
5.9 4.61779
5.95 4.70241
6 4.78749
6.05 4.87302
6.1 4.959
6.15 5.04543
6.2 5.1323
6.25 5.2196
6.3 5.30734
6.35 5.39551
6.4 5.48411
6.45 5.57312
6.5 5.66256
6.55 5.75241
6.6 5.84268
6.65 5.93335
6.7 6.02443
6.75 6.11592
6.8 6.2078
6.85 6.30007
6.9 6.39274
6.95 6.4858
7 6.57925
7.05 6.67308
7.1 6.76729
7.15 6.86188
7.2 6.95685
7.25 7.05219
7.3 7.14789
7.35 7.24397
7.4 7.3404
7.45 7.43721
7.5 7.53436
7.55 7.63188
7.6 7.72975
7.65 7.82797
7.7 7.92654
7.75 8.02546
7.8 8.12472
7.85 8.22432
7.9 8.32427
7.95 8.42455
8 8.52516
8.05 8.62611
8.1 8.72739
8.15 8.829
8.2 8.93093
8.25 9.03319
8.3 9.13577
8.35 9.23867
8.4 9.34188
8.45 9.44542
8.5 9.54927
8.55 9.65343
8.6 9.7579
8.65 9.86268
8.7 9.96776
8.75 10.0732
8.8 10.1788
8.85 10.2848
8.9 10.3911
8.95 10.4977
9 10.6046
9.05 10.7118
9.1 10.8193
9.15 10.927
9.2 11.0351
9.25 11.1434
9.3 11.252
9.35 11.3609
9.4 11.4701
9.45 11.5796
9.5 11.6893
9.55 11.7994
9.6 11.9097
9.65 12.0202
9.7 12.1311
9.75 12.2422
9.8 12.3536
9.85 12.4653
9.9 12.5772
9.95 12.6894
