0 1 1
0.00889124 0.99996 0.99996
0.0174757 0.999847 0.999847
0.0258737 0.999665 0.999665
0.0341574 0.999417 0.999417
0.0423703 0.999102 0.999103
0.0505394 0.998723 0.998723
0.0586811 0.998279 0.998279
0.0668058 0.997769 0.997769
0.0749199 0.997195 0.997195
0.0830274 0.996555 0.996555
0.0911307 0.99585 0.99585
0.0992314 0.99508 0.995081
0.107331 0.994245 0.994246
0.115429 0.993345 0.993346
0.123526 0.99238 0.99238
0.131623 0.99135 0.99135
0.13972 0.990255 0.990255
0.147817 0.989095 0.989095
0.155913 0.98787 0.98787
0.16401 0.98658 0.986581
0.172106 0.985226 0.985226
0.180203 0.983807 0.983807
0.188299 0.982324 0.982324
0.196396 0.980776 0.980776
0.204492 0.979164 0.979164
0.212588 0.977488 0.977488
0.220685 0.975747 0.975748
0.228781 0.973943 0.973944
0.236878 0.972075 0.972075
0.244974 0.970143 0.970144
0.253071 0.968148 0.968148
0.261167 0.966089 0.966089
0.269263 0.963966 0.963967
0.27736 0.961781 0.961782
0.285456 0.959532 0.959533
0.293553 0.957221 0.957222
0.301649 0.954847 0.954848
0.309745 0.95241 0.952411
0.317842 0.949911 0.949912
0.325938 0.94735 0.947351
0.334035 0.944726 0.944727
0.342131 0.942041 0.942042
0.350228 0.939293 0.939295
0.358324 0.936485 0.936486
0.36642 0.933614 0.933616
0.374517 0.930683 0.930684
0.382613 0.927691 0.927692
0.39071 0.924637 0.924639
0.398806 0.921524 0.921525
0.406902 0.918349 0.918351
0.414999 0.915115 0.915117
0.423095 0.911821 0.911822
0.431192 0.908466 0.908468
0.439288 0.905053 0.905055
0.447385 0.90158 0.901582
0.455481 0.898047 0.89805
0.463577 0.894456 0.894459
0.471674 0.890807 0.890809
0.47977 0.887099 0.887101
0.487867 0.883332 0.883335
0.495963 0.879508 0.879511
0.50406 0.875626 0.875629
0.512156 0.871687 0.87169
0.520252 0.867691 0.867694
0.528349 0.863638 0.863641
0.536445 0.859528 0.859531
0.544542 0.855362 0.855365
0.552638 0.85114 0.851143
0.560734 0.846862 0.846865
0.568831 0.842528 0.842531
0.576927 0.838139 0.838143
0.585024 0.833695 0.833699
0.59312 0.829197 0.829201
0.601217 0.824644 0.824648
0.609313 0.820038 0.820041
0.617409 0.815377 0.815381
0.625506 0.810663 0.810667
0.633602 0.805896 0.8059
0.641699 0.801076 0.80108
0.649795 0.796204 0.796208
0.657891 0.791279 0.791283
0.665988 0.786302 0.786307
0.674084 0.781274 0.781279
0.682181 0.776195 0.7762
0.690277 0.771065 0.77107
0.698374 0.765884 0.765889
0.70647 0.760653 0.760658
0.714566 0.755372 0.755377
0.722663 0.750042 0.750047
0.730759 0.744663 0.744668
0.738856 0.739234 0.73924
0.746952 0.733758 0.733763
0.755048 0.728233 0.728238
0.763145 0.72266 0.722666
0.771241 0.71704 0.717046
0.779338 0.711373 0.711379
0.787434 0.70566 0.705666
0.795531 0.6999 0.699906
0.803627 0.694094 0.6941
0.811723 0.688243 0.688249
0.81982 0.682346 0.682353
0.827916 0.676405 0.676412
0.836013 0.67042 0.670427
0.844109 0.664391 0.664397
0.852206 0.658318 0.658325
0.860302 0.652202 0.652209
0.868398 0.646043 0.64605
0.876495 0.639841 0.639849
0.884591 0.633598 0.633606
0.892688 0.627314 0.627321
0.900784 0.620988 0.620996
0.90888 0.614621 0.614629
0.916977 0.608215 0.608223
0.925073 0.601768 0.601776
0.93317 0.595282 0.59529
0.941266 0.588757 0.588765
0.949363 0.582193 0.582202
0.957459 0.575591 0.5756
0.965555 0.568952 0.56896
0.973652 0.562275 0.562283
0.981748 0.555561 0.55557
0.989845 0.548811 0.54882
0.997941 0.542025 0.542034
1.00604 0.535203 0.535212
1.01413 0.528346 0.528355
1.02223 0.521455 0.521464
1.03033 0.514529 0.514539
1.03842 0.50757 0.50758
1.04652 0.500577 0.500587
1.05462 0.493552 0.493562
1.06271 0.486494 0.486504
1.07081 0.479404 0.479415
1.07891 0.472283 0.472294
1.087 0.465131 0.465142
1.0951 0.457949 0.457959
1.10319 0.450736 0.450747
1.11129 0.443494 0.443505
1.11939 0.436223 0.436234
1.12748 0.428923 0.428934
1.13558 0.421595 0.421606
1.14368 0.41424 0.414251
1.15177 0.406857 0.406868
1.15987 0.399448 0.399459
1.16797 0.392012 0.392024
1.17606 0.384551 0.384563
1.18416 0.377064 0.377076
1.19226 0.369553 0.369565
1.20035 0.362018 0.36203
1.20845 0.354459 0.354471
1.21654 0.346876 0.346889
1.22464 0.339271 0.339284
1.23274 0.331644 0.331657
1.24083 0.323995 0.324008
1.24893 0.316325 0.316338
1.25703 0.308634 0.308647
1.26512 0.300922 0.300936
1.27322 0.293191 0.293205
1.28132 0.285441 0.285455
1.28941 0.277672 0.277686
1.29751 0.269885 0.269899
1.3056 0.26208 0.262094
1.3137 0.254258 0.254272
1.3218 0.24642 0.246434
1.32989 0.238565 0.238579
1.33799 0.230694 0.230708
1.34609 0.222809 0.222823
1.35418 0.214908 0.214923
1.36228 0.206994 0.207009
1.37038 0.199066 0.199081
1.37847 0.191125 0.19114
1.38657 0.183172 0.183187
1.39467 0.175207 0.175222
1.40276 0.16723 0.167245
1.41086 0.159242 0.159257
1.41895 0.151243 0.151259
1.42705 0.143235 0.143251
1.43515 0.135218 0.135233
1.44324 0.127191 0.127207
1.45134 0.119156 0.119172
1.45944 0.111114 0.111129
1.46753 0.103064 0.10308
1.47563 0.0950069 0.095023
1.48373 0.086944 0.0869602
1.49182 0.0788754 0.0788917
1.49992 0.0708016 0.070818
1.50802 0.0627232 0.0627397
1.51611 0.0546407 0.0546573
1.52421 0.0465546 0.0465713
1.5323 0.0384654 0.0384822
1.5404 0.0303737 0.0303906
1.5485 0.02228 0.022297
1.55659 0.0141849 0.014202
1.56469 0.00608884 0.00610598
1.57279 -0.00200763 -0.0019904
1.58088 -0.010104 -0.0100866
1.58898 -0.0181996 -0.0181822
1.59708 -0.0262941 -0.0262766
1.60517 -0.0343869 -0.0343693
1.61327 -0.0424774 -0.0424597
1.62137 -0.0505651 -0.0505474
1.62946 -0.0586495 -0.0586317
1.63756 -0.0667301 -0.0667122
1.64565 -0.0748063 -0.0747883
1.65375 -0.0828775 -0.0828595
1.66185 -0.0909434 -0.0909252
1.66994 -0.0990033 -0.0989851
1.67804 -0.107057 -0.107038
1.68614 -0.115103 -0.115085
1.69423 -0.123142 -0.123123
1.70233 -0.131173 -0.131154
1.71043 -0.139195 -0.139176
1.71852 -0.147208 -0.147189
1.72662 -0.155211 -0.155193
1.73472 -0.163204 -0.163186
1.74281 -0.171187 -0.171168
1.75091 -0.179158 -0.179139
1.759 -0.187118 -0.187099
1.7671 -0.195065 -0.195046
1.7752 -0.203 -0.202981
1.78329 -0.210921 -0.210902
1.79139 -0.218828 -0.218809
1.79949 -0.226721 -0.226702
1.80758 -0.234599 -0.23458
1.81568 -0.242462 -0.242443
1.82378 -0.250309 -0.25029
1.83187 -0.258139 -0.25812
1.83997 -0.265953 -0.265934
1.84806 -0.273749 -0.27373
1.85616 -0.281527 -0.281508
1.86426 -0.289287 -0.289267
1.87235 -0.297028 -0.297008
1.88045 -0.304749 -0.304729
1.88855 -0.31245 -0.312431
1.89664 -0.320131 -0.320111
1.90474 -0.327791 -0.327771
1.91284 -0.335429 -0.33541
1.92093 -0.343046 -0.343026
1.92903 -0.35064 -0.35062
1.93713 -0.35821 -0.358191
1.94522 -0.365758 -0.365738
1.95332 -0.373281 -0.373261
1.96141 -0.38078 -0.38076
1.96951 -0.388254 -0.388234
1.97761 -0.395703 -0.395683
1.9857 -0.403125 -0.403105
1.9938 -0.410522 -0.410502
2.0019 -0.417891 -0.417871
2.00999 -0.425233 -0.425213
2.01809 -0.432547 -0.432527
2.02619 -0.439832 -0.439812
2.03428 -0.447089 -0.447069
2.04238 -0.454317 -0.454297
2.05048 -0.461514 -0.461494
2.05857 -0.468682 -0.468662
2.06667 -0.475819 -0.475799
2.07476 -0.482924 -0.482904
2.08286 -0.489998 -0.489978
2.09096 -0.49704 -0.49702
2.09905 -0.504049 -0.504029
2.10715 -0.511025 -0.511005
2.11525 -0.517968 -0.517948
2.12334 -0.524877 -0.524857
2.13144 -0.531751 -0.531731
2.13954 -0.53859 -0.538571
2.14763 -0.545394 -0.545375
2.15573 -0.552163 -0.552143
2.16383 -0.558895 -0.558875
2.17192 -0.565591 -0.565571
2.18002 -0.572249 -0.572229
2.18811 -0.57887 -0.57885
2.19621 -0.585453 -0.585433
2.20431 -0.591998 -0.591978
2.2124 -0.598503 -0.598484
2.2205 -0.60497 -0.604951
2.2286 -0.611397 -0.611378
2.23669 -0.617784 -0.617764
2.24479 -0.62413 -0.624111
2.25289 -0.630436 -0.630416
2.26098 -0.6367 -0.636681
2.26908 -0.642922 -0.642903
2.27718 -0.649102 -0.649083
2.28527 -0.65524 -0.655221
2.29337 -0.661335 -0.661316
2.30146 -0.667386 -0.667367
2.30956 -0.673394 -0.673375
2.31766 -0.679357 -0.679339
2.32575 -0.685276 -0.685258
2.33385 -0.69115 -0.691132
2.34195 -0.696979 -0.69696
2.35004 -0.702762 -0.702744
2.35814 -0.708499 -0.708481
2.36624 -0.714189 -0.714171
2.37433 -0.719833 -0.719815
2.38243 -0.72543 -0.725412
2.39052 -0.730979 -0.730961
2.39862 -0.73648 -0.736462
2.40672 -0.741932 -0.741915
2.41481 -0.747337 -0.747319
2.42291 -0.752692 -0.752674
2.43101 -0.757997 -0.75798
2.4391 -0.763254 -0.763236
2.4472 -0.76846 -0.768442
2.4553 -0.773615 -0.773598
2.46339 -0.77872 -0.778703
2.47149 -0.783774 -0.783757
2.47959 -0.788777 -0.78876
2.48768 -0.793728 -0.793711
2.49578 -0.798627 -0.79861
2.50387 -0.803473 -0.803457
2.51197 -0.808267 -0.80825
2.52007 -0.813008 -0.812991
2.52816 -0.817695 -0.817679
2.53626 -0.822329 -0.822313
2.54436 -0.826909 -0.826893
2.55245 -0.831435 -0.831419
2.56055 -0.835906 -0.835891
2.56865 -0.840323 -0.840307
2.57674 -0.844684 -0.844669
2.58484 -0.84899 -0.848975
2.59294 -0.853241 -0.853226
2.60103 -0.857435 -0.85742
2.60913 -0.861573 -0.861559
2.61722 -0.865655 -0.865641
2.62532 -0.86968 -0.869666
2.63342 -0.873648 -0.873634
2.64151 -0.877559 -0.877545
2.64961 -0.881412 -0.881398
2.65771 -0.885207 -0.885194
2.6658 -0.888945 -0.888931
2.6739 -0.892624 -0.892611
2.682 -0.896245 -0.896231
2.69009 -0.899807 -0.899794
2.69819 -0.903309 -0.903297
2.70629 -0.906753 -0.90674
2.71438 -0.910137 -0.910125
2.72248 -0.913462 -0.91345
2.73057 -0.916727 -0.916715
2.73867 -0.919931 -0.919919
2.74677 -0.923075 -0.923064
2.75486 -0.926159 -0.926148
2.76296 -0.929182 -0.929171
2.77106 -0.932145 -0.932133
2.77915 -0.935046 -0.935035
2.78725 -0.937885 -0.937875
2.79535 -0.940664 -0.940653
2.80344 -0.94338 -0.94337
2.81154 -0.946035 -0.946025
2.81964 -0.948628 -0.948618
2.82773 -0.951158 -0.951149
2.83583 -0.953627 -0.953617
2.84392 -0.956032 -0.956023
2.85202 -0.958375 -0.958366
2.86012 -0.960656 -0.960647
2.86821 -0.962873 -0.962864
2.87631 -0.965027 -0.965018
2.88441 -0.967118 -0.96711
2.8925 -0.969145 -0.969137
2.9006 -0.971109 -0.971101
2.9087 -0.973009 -0.973002
2.91679 -0.974846 -0.974839
2.92489 -0.976618 -0.976611
2.93298 -0.978327 -0.97832
2.94108 -0.979971 -0.979965
2.94918 -0.981552 -0.981545
2.95727 -0.983068 -0.983061
2.96537 -0.984519 -0.984513
2.97347 -0.985906 -0.9859
2.98156 -0.987228 -0.987223
2.98966 -0.988486 -0.98848
2.99776 -0.989678 -0.989673
3.00585 -0.990806 -0.990801
3.01395 -0.991869 -0.991865
3.02205 -0.992867 -0.992863
3.03014 -0.9938 -0.993796
3.03824 -0.994667 -0.994664
3.04633 -0.99547 -0.995466
3.05443 -0.996207 -0.996204
3.06253 -0.996879 -0.996876
3.07062 -0.997485 -0.997483
3.07872 -0.998027 -0.998024
3.08682 -0.998502 -0.9985
3.09491 -0.998913 -0.998911
3.10301 -0.999257 -0.999256
3.11111 -0.999537 -0.999535
3.1192 -0.99975 -0.999749
3.1273 -0.999899 -0.999898
3.1354 -0.999981 -0.999981
3.14349 -0.999998 -0.999998
3.15159 -0.99995 -0.99995
3.15968 -0.999836 -0.999836
3.16778 -0.999656 -0.999657
3.17588 -0.999411 -0.999412
3.18397 -0.999101 -0.999102
3.19207 -0.998725 -0.998726
3.20017 -0.998283 -0.998285
3.20826 -0.997776 -0.997778
3.21636 -0.997204 -0.997206
3.22446 -0.996566 -0.996569
3.23255 -0.995863 -0.995866
3.24065 -0.995095 -0.995098
3.24875 -0.994261 -0.994265
3.25684 -0.993362 -0.993366
3.26494 -0.992398 -0.992403
3.27303 -0.991369 -0.991374
3.28113 -0.990276 -0.99028
3.28923 -0.989117 -0.989122
3.29732 -0.987893 -0.987898
3.30542 -0.986605 -0.98661
3.31352 -0.985251 -0.985257
3.32161 -0.983834 -0.98384
3.32971 -0.982352 -0.982358
3.33781 -0.980805 -0.980812
3.3459 -0.979194 -0.979201
3.354 -0.977519 -0.977527
3.3621 -0.97578 -0.975788
3.37019 -0.973977 -0.973985
3.37829 -0.97211 -0.972118
3.38638 -0.970179 -0.970188
3.39448 -0.968185 -0.968194
3.40258 -0.966127 -0.966136
3.41067 -0.964006 -0.964016
3.41877 -0.961822 -0.961832
3.42687 -0.959574 -0.959585
3.43496 -0.957264 -0.957275
3.44306 -0.954891 -0.954902
3.45116 -0.952455 -0.952467
3.45925 -0.949957 -0.949969
3.46735 -0.947397 -0.947409
3.47544 -0.944775 -0.944787
3.48354 -0.94209 -0.942103
3.49164 -0.939344 -0.939357
3.49973 -0.936537 -0.93655
3.50783 -0.933668 -0.933681
3.51593 -0.930737 -0.930751
3.52402 -0.927746 -0.92776
3.53212 -0.924694 -0.924708
3.54022 -0.921581 -0.921596
3.54831 -0.918408 -0.918423
3.55641 -0.915175 -0.91519
3.56451 -0.911882 -0.911897
3.5726 -0.908528 -0.908545
3.5807 -0.905116 -0.905132
3.58879 -0.901644 -0.901661
3.59689 -0.898113 -0.89813
3.60499 -0.894523 -0.89454
3.61308 -0.890874 -0.890892
3.62118 -0.887167 -0.887185
3.62928 -0.883402 -0.88342
3.63737 -0.879579 -0.879598
3.64547 -0.875698 -0.875717
3.65357 -0.87176 -0.871779
3.66166 -0.867765 -0.867784
3.66976 -0.863713 -0.863733
3.67786 -0.859604 -0.859624
3.68595 -0.855439 -0.855459
3.69405 -0.851217 -0.851238
3.70214 -0.84694 -0.846962
3.71024 -0.842608 -0.84263
3.71834 -0.83822 -0.838242
3.72643 -0.833777 -0.8338
3.73453 -0.82928 -0.829303
3.74263 -0.824728 -0.824751
3.75072 -0.820123 -0.820146
3.75882 -0.815463 -0.815487
3.76692 -0.81075 -0.810774
3.77501 -0.805984 -0.806008
3.78311 -0.801165 -0.801189
3.79121 -0.796293 -0.796318
3.7993 -0.79137 -0.791395
3.8074 -0.786394 -0.78642
3.81549 -0.781367 -0.781393
3.82359 -0.776289 -0.776315
3.83169 -0.771159 -0.771186
3.83978 -0.765979 -0.766006
3.84788 -0.760749 -0.760777
3.85598 -0.75547 -0.755497
3.86407 -0.75014 -0.750168
3.87217 -0.744762 -0.74479
3.88027 -0.739334 -0.739363
3.88836 -0.733858 -0.733887
3.89646 -0.728334 -0.728363
3.90456 -0.722763 -0.722792
3.91265 -0.717144 -0.717173
3.92075 -0.711477 -0.711507
3.92884 -0.705765 -0.705795
3.93694 -0.700006 -0.700036
3.94504 -0.694201 -0.694232
3.95313 -0.68835 -0.688382
3.96123 -0.682455 -0.682486
3.96933 -0.676515 -0.676546
3.97742 -0.67053 -0.670562
3.98552 -0.664501 -0.664534
3.99362 -0.658429 -0.658462
4.00171 -0.652314 -0.652347
4.00981 -0.646156 -0.646189
4.0179 -0.639955 -0.639989
4.026 -0.633713 -0.633747
4.0341 -0.627429 -0.627463
4.04219 -0.621104 -0.621139
4.05029 -0.614738 -0.614773
4.05839 -0.608332 -0.608367
4.06648 -0.601886 -0.601922
4.07458 -0.595401 -0.595437
4.08268 -0.588877 -0.588913
4.09077 -0.582314 -0.58235
4.09887 -0.575712 -0.575749
4.10697 -0.569074 -0.56911
4.11506 -0.562397 -0.562434
4.12316 -0.555684 -0.555722
4.13125 -0.548935 -0.548972
4.13935 -0.542149 -0.542187
4.14745 -0.535328 -0.535366
4.15554 -0.528472 -0.52851
4.16364 -0.521581 -0.52162
4.17174 -0.514656 -0.514695
4.17983 -0.507698 -0.507737
4.18793 -0.500706 -0.500745
4.19603 -0.493681 -0.49372
4.20412 -0.486624 -0.486664
4.21222 -0.479534 -0.479575
4.22032 -0.472414 -0.472454
4.22841 -0.465262 -0.465303
4.23651 -0.45808 -0.458122
4.2446 -0.450868 -0.45091
4.2527 -0.443627 -0.443668
4.2608 -0.436356 -0.436398
4.26889 -0.429057 -0.429099
4.27699 -0.42173 -0.421772
4.28509 -0.414375 -0.414417
4.29318 -0.406992 -0.407035
4.30128 -0.399584 -0.399627
4.30938 -0.392148 -0.392192
4.31747 -0.384688 -0.384731
4.32557 -0.377202 -0.377245
4.33367 -0.369691 -0.369735
4.34176 -0.362156 -0.3622
4.34986 -0.354597 -0.354642
4.35795 -0.347015 -0.34706
4.36605 -0.339411 -0.339456
4.37415 -0.331784 -0.331829
4.38224 -0.324135 -0.32418
4.39034 -0.316465 -0.316511
4.39844 -0.308775 -0.30882
4.40653 -0.301064 -0.30111
4.41463 -0.293333 -0.293379
4.42273 -0.285583 -0.285629
4.43082 -0.277815 -0.277861
4.43892 -0.270028 -0.270074
4.44702 -0.262223 -0.26227
4.45511 -0.254402 -0.254449
4.46321 -0.246563 -0.24661
4.4713 -0.238709 -0.238756
4.4794 -0.230838 -0.230886
4.4875 -0.222953 -0.223001
4.49559 -0.215053 -0.215101
4.50369 -0.207139 -0.207187
4.51179 -0.199212 -0.19926
4.51988 -0.191271 -0.191319
4.52798 -0.183318 -0.183366
4.53608 -0.175352 -0.175401
4.54417 -0.167376 -0.167425
4.55227 -0.159388 -0.159437
4.56036 -0.15139 -0.151439
4.56846 -0.143382 -0.143431
4.57656 -0.135364 -0.135414
4.58465 -0.127338 -0.127388
4.59275 -0.119303 -0.119353
4.60085 -0.111261 -0.111311
4.60894 -0.103211 -0.103261
4.61704 -0.0951545 -0.0952047
4.62514 -0.0870917 -0.0871421
4.63323 -0.0790232 -0.0790737
4.64133 -0.0709495 -0.0710001
4.64943 -0.0628712 -0.0629219
4.65752 -0.0547887 -0.0548395
4.66562 -0.0467026 -0.0467536
4.67371 -0.0386135 -0.0386646
4.68181 -0.0305219 -0.030573
4.68991 -0.0224282 -0.0224795
4.698 -0.0143331 -0.0143845
4.7061 -0.00623705 -0.00628851
4.7142 0.00185942 0.00180786
4.72229 0.00995576 0.00990412
4.73039 0.0180515 0.0179997
4.73849 0.026146 0.0260942
4.74658 0.0342388 0.0341869
4.75468 0.0423293 0.0422773
4.76278 0.0504171 0.0503651
4.77087 0.0585016 0.0584495
4.77897 0.0665822 0.06653
4.78706 0.0746585 0.0746062
4.79516 0.0827298 0.0826776
4.80326 0.0907958 0.0907435
4.81135 0.0988558 0.0988034
4.81945 0.106909 0.106857
4.82755 0.114956 0.114903
4.83564 0.122995 0.122942
4.84374 0.131026 0.130973
4.85184 0.139048 0.138995
4.85993 0.147061 0.147009
4.86803 0.155065 0.155012
4.87613 0.163058 0.163006
4.88422 0.171041 0.170988
4.89232 0.179012 0.17896
4.90041 0.186972 0.18692
4.90851 0.19492 0.194867
4.91661 0.202854 0.202802
4.9247 0.210776 0.210723
4.9328 0.218684 0.218631
4.9409 0.226577 0.226524
4.94899 0.234455 0.234403
4.95709 0.242318 0.242266
4.96519 0.250166 0.250113
4.97328 0.257996 0.257944
4.98138 0.26581 0.265758
4.98948 0.273607 0.273554
4.99757 0.281385 0.281333
5.00567 0.289145 0.289093
5.01376 0.296886 0.296834
5.02186 0.304608 0.304556
5.02996 0.31231 0.312257
5.03805 0.319991 0.319938
5.04615 0.327651 0.327599
5.05425 0.33529 0.335238
5.06234 0.342907 0.342854
5.07044 0.350501 0.350449
5.07854 0.358072 0.35802
5.08663 0.36562 0.365568
5.09473 0.373144 0.373092
5.10282 0.380643 0.380592
5.11092 0.388118 0.388066
5.11902 0.395567 0.395515
5.12711 0.40299 0.402938
5.13521 0.410387 0.410335
5.14331 0.417756 0.417705
5.1514 0.425099 0.425048
5.1595 0.432413 0.432362
5.1676 0.439699 0.439648
5.17569 0.446957 0.446906
5.18379 0.454185 0.454134
5.19189 0.461383 0.461333
5.19998 0.468551 0.468501
5.20808 0.475688 0.475638
5.21617 0.482795 0.482744
5.22427 0.489869 0.489819
5.23237 0.496911 0.496862
5.24046 0.503921 0.503872
5.24856 0.510898 0.510848
5.25666 0.517841 0.517792
5.26475 0.524751 0.524701
5.27285 0.531625 0.531576
5.28095 0.538466 0.538417
5.28904 0.54527 0.545222
5.29714 0.552039 0.551991
5.30524 0.558772 0.558724
5.31333 0.565468 0.56542
5.32143 0.572128 0.57208
5.32952 0.578749 0.578702
5.33762 0.585333 0.585285
5.34572 0.591878 0.591831
5.35381 0.598385 0.598338
5.36191 0.604852 0.604805
5.37001 0.61128 0.611233
5.3781 0.617667 0.617621
5.3862 0.624014 0.623968
5.3943 0.630321 0.630275
5.40239 0.636586 0.63654
5.41049 0.642809 0.642763
5.41859 0.64899 0.648944
5.42668 0.655128 0.655083
5.43478 0.661224 0.661179
5.44287 0.667276 0.667231
5.45097 0.673284 0.67324
5.45907 0.679249 0.679205
5.46716 0.685168 0.685125
5.47526 0.691043 0.691
5.48336 0.696873 0.69683
5.49145 0.702657 0.702614
5.49955 0.708394 0.708352
5.50765 0.714086 0.714043
5.51574 0.71973 0.719688
5.52384 0.725328 0.725286
5.53194 0.730878 0.730836
5.54003 0.73638 0.736338
5.54813 0.741833 0.741792
5.55622 0.747238 0.747198
5.56432 0.752594 0.752554
5.57242 0.757901 0.757861
5.58051 0.763158 0.763118
5.58861 0.768365 0.768326
5.59671 0.773522 0.773483
5.6048 0.778627 0.778589
5.6129 0.783682 0.783644
5.621 0.788686 0.788648
5.62909 0.793638 0.7936
5.63719 0.798537 0.7985
5.64528 0.803385 0.803348
5.65338 0.80818 0.808143
5.66148 0.812921 0.812885
5.66957 0.81761 0.817574
5.67767 0.822245 0.822209
5.68577 0.826826 0.826791
5.69386 0.831353 0.831318
5.70196 0.835825 0.83579
5.71006 0.840242 0.840208
5.71815 0.844605 0.844571
5.72625 0.848912 0.848879
5.73435 0.853163 0.85313
5.74244 0.857359 0.857326
5.75054 0.861498 0.861466
5.75863 0.865581 0.865549
5.76673 0.869607 0.869576
5.77483 0.873576 0.873545
5.78292 0.877488 0.877457
5.79102 0.881342 0.881312
5.79912 0.885139 0.885109
5.80721 0.888877 0.888848
5.81531 0.892557 0.892528
5.82341 0.896179 0.89615
5.8315 0.899742 0.899714
5.8396 0.903246 0.903218
5.8477 0.906691 0.906663
5.85579 0.910076 0.910049
5.86389 0.913402 0.913375
5.87198 0.916668 0.916642
5.88008 0.919873 0.919848
5.88818 0.923019 0.922994
5.89627 0.926104 0.926079
5.90437 0.929128 0.929103
5.91247 0.932091 0.932067
5.92056 0.934993 0.93497
5.92866 0.937834 0.937811
5.93676 0.940613 0.940591
5.94485 0.943331 0.943309
5.95295 0.945987 0.945966
5.96105 0.948581 0.94856
5.96914 0.951113 0.951092
5.97724 0.953582 0.953562
5.98533 0.955989 0.955969
5.99343 0.958333 0.958314
6.00153 0.960615 0.960596
6.00962 0.962833 0.962815
6.01772 0.964988 0.964971
6.02582 0.96708 0.967063
6.03391 0.969109 0.969092
6.04201 0.971074 0.971058
6.05011 0.972975 0.97296
6.0582 0.974813 0.974798
6.0663 0.976587 0.976572
6.07439 0.978297 0.978282
6.08249 0.979942 0.979928
6.09059 0.981524 0.98151
6.09868 0.983041 0.983028
6.10678 0.984493 0.984481
6.11488 0.985881 0.98587
6.12297 0.987205 0.987194
6.13107 0.988463 0.988453
6.13917 0.989657 0.989647
6.14726 0.990786 0.990777
6.15536 0.99185 0.991841
6.16346 0.992849 0.992841
6.17155 0.993783 0.993775
6.17965 0.994652 0.994645
6.18774 0.995456 0.995449
6.19584 0.996194 0.996188
6.20394 0.996867 0.996862
6.21203 0.997475 0.99747
6.22013 0.998017 0.998013
6.22823 0.998494 0.99849
6.23632 0.998906 0.998902
6.24442 0.999252 0.999249
6.25252 0.999532 0.99953
6.26061 0.999747 0.999745
6.26871 0.999897 0.999895
6.27681 0.999981 0.99998
6.2849 0.999999 0.999999
6.293 0.999952 0.999952
6.30109 0.999839 0.99984
6.30919 0.99966 0.999662
6.31729 0.999417 0.999419
6.32538 0.999107 0.99911
6.33348 0.998732 0.998735
6.34158 0.998292 0.998296
6.34967 0.997786 0.99779
6.35777 0.997215 0.99722
6.36587 0.996579 0.996584
6.37396 0.995877 0.995883
6.38206 0.99511 0.995116
6.39016 0.994277 0.994284
6.39825 0.99338 0.993387
6.40635 0.992417 0.992425
6.41444 0.991389 0.991398
6.42254 0.990296 0.990306
6.43064 0.989139 0.989149
6.43873 0.987916 0.987927
6.44683 0.986629 0.98664
6.45493 0.985277 0.985289
6.46302 0.983861 0.983873
6.47112 0.98238 0.982392
6.47922 0.980834 0.980847
6.48731 0.979224 0.979238
6.49541 0.97755 0.977565
6.50351 0.975812 0.975828
6.5116 0.974011 0.974026
6.5197 0.972145 0.972161
6.52779 0.970215 0.970232
6.53589 0.968222 0.96824
6.54399 0.966165 0.966184
6.55208 0.964046 0.964064
6.56018 0.961862 0.961882
6.56828 0.959616 0.959636
6.57637 0.957307 0.957328
6.58447 0.954935 0.954956
6.59257 0.952501 0.952522
6.60066 0.950004 0.950026
6.60876 0.947445 0.947468
6.61685 0.944824 0.944847
6.62495 0.94214 0.942164
6.63305 0.939395 0.93942
6.64114 0.936589 0.936614
6.64924 0.933721 0.933747
6.65734 0.930792 0.930818
6.66543 0.927802 0.927828
6.67353 0.924751 0.924778
6.68163 0.921639 0.921667
6.68972 0.918467 0.918496
6.69782 0.915235 0.915264
6.70592 0.911943 0.911972
6.71401 0.908591 0.908621
6.72211 0.905179 0.90521
6.7302 0.901708 0.90174
6.7383 0.898178 0.89821
6.7464 0.894589 0.894622
6.75449 0.890942 0.890975
6.76259 0.887236 0.887269
6.77069 0.883472 0.883506
6.77878 0.87965 0.879684
6.78688 0.87577 0.875805
6.79498 0.871833 0.871869
6.80307 0.867839 0.867875
6.81117 0.863788 0.863825
6.81927 0.85968 0.859717
6.82736 0.855516 0.855554
6.83546 0.851295 0.851334
6.84355 0.84702 0.847059
6.85165 0.842688 0.842728
6.85975 0.838301 0.838342
6.86784 0.83386 0.833901
6.87594 0.829363 0.829405
6.88404 0.824812 0.824855
6.89213 0.820208 0.82025
6.90023 0.815549 0.815592
6.90833 0.810837 0.810881
6.91642 0.806072 0.806116
6.92452 0.801254 0.801299
6.93262 0.796383 0.796429
6.94071 0.79146 0.791506
6.94881 0.786486 0.786532
6.9569 0.78146 0.781507
6.965 0.776382 0.77643
6.9731 0.771254 0.771302
6.98119 0.766075 0.766124
6.98929 0.760846 0.760895
6.99739 0.755567 0.755617
7.00548 0.750238 0.750289
7.01358 0.744861 0.744912
7.02168 0.739434 0.739486
7.02977 0.733959 0.734011
7.03787 0.728436 0.728489
7.04597 0.722865 0.722918
7.05406 0.717247 0.7173
7.06216 0.711582 0.711636
7.07025 0.70587 0.705924
7.07835 0.700112 0.700167
7.08645 0.694308 0.694363
7.09454 0.688458 0.688514
7.10264 0.682563 0.68262
7.11074 0.676624 0.676681
7.11883 0.67064 0.670698
7.12693 0.664612 0.66467
7.13503 0.658541 0.658599
7.14312 0.652427 0.652485
7.15122 0.646269 0.646329
7.15931 0.64007 0.640129
7.16741 0.633828 0.633888
7.17551 0.627545 0.627606
7.1836 0.621221 0.621282
7.1917 0.614856 0.614917
7.1998 0.60845 0.608512
7.20789 0.602005 0.602068
7.21599 0.59552 0.595583
7.22409 0.588997 0.58906
7.23218 0.582434 0.582498
7.24028 0.575834 0.575898
7.24838 0.569196 0.569261
7.25647 0.56252 0.562585
7.26457 0.555808 0.555873
7.27266 0.549059 0.549125
7.28076 0.542274 0.542341
7.28886 0.535454 0.535521
7.29695 0.528598 0.528666
7.30505 0.521708 0.521776
7.31315 0.514784 0.514852
7.32124 0.507825 0.507894
7.32934 0.500834 0.500903
7.33744 0.49381 0.493879
7.34553 0.486753 0.486823
7.35363 0.479665 0.479735
7.36173 0.472545 0.472616
7.36982 0.465394 0.465465
7.37792 0.458212 0.458284
7.38601 0.451001 0.451073
7.39411 0.44376 0.443832
7.40221 0.43649 0.436562
7.4103 0.429191 0.429264
7.4184 0.421864 0.421938
7.4265 0.41451 0.414583
7.43459 0.407128 0.407202
7.44269 0.39972 0.399794
7.45079 0.392285 0.39236
7.45888 0.384825 0.3849
7.46698 0.377339 0.377415
7.47508 0.369829 0.369905
7.48317 0.362294 0.362371
7.49127 0.354736 0.354813
7.49936 0.347155 0.347231
7.50746 0.33955 0.339627
7.51556 0.331924 0.332001
7.52365 0.324276 0.324353
7.53175 0.316606 0.316684
7.53985 0.308916 0.308994
7.54794 0.301205 0.301284
7.55604 0.293475 0.293554
7.56414 0.285725 0.285805
7.57223 0.277957 0.278037
7.58033 0.270171 0.27025
7.58842 0.262367 0.262446
7.59652 0.254545 0.254625
7.60462 0.246707 0.246787
7.61271 0.238853 0.238934
7.62081 0.230983 0.231064
7.62891 0.223098 0.223179
7.637 0.215198 0.21528
7.6451 0.207284 0.207366
7.6532 0.199357 0.199439
7.66129 0.191417 0.191499
7.66939 0.183464 0.183546
7.67749 0.175499 0.175581
7.68558 0.167522 0.167605
7.69368 0.159535 0.159618
7.70177 0.151537 0.15162
7.70987 0.143529 0.143612
7.71797 0.135511 0.135595
7.72606 0.127485 0.127569
7.73416 0.119451 0.119535
7.74226 0.111408 0.111492
7.75035 0.103359 0.103443
7.75845 0.0953023 0.0953866
7.76655 0.0872396 0.0873241
7.77464 0.0791712 0.0792558
7.78274 0.0710976 0.0711824
7.79084 0.0630193 0.0631043
7.79893 0.0549369 0.055022
7.80703 0.0468509 0.0469361
7.81512 0.0387618 0.0388472
7.82322 0.0306702 0.0307557
7.83132 0.0225766 0.0226622
7.83941 0.0144815 0.0145672
7.84751 0.00638548 0.00647126
7.85561 -0.00171099 -0.00162511
7.8637 -0.00980734 -0.00972138
7.8718 -0.0179031 -0.017817
7.8799 -0.0259976 -0.0259115
7.88799 -0.0340904 -0.0340042
7.89609 -0.042181 -0.0420948
7.90419 -0.0502689 -0.0501825
7.91228 -0.0583534 -0.058267
7.92038 -0.0664341 -0.0663477
7.92847 -0.0745105 -0.074424
7.93657 -0.0825819 -0.0824954
7.94467 -0.090648 -0.0905615
7.95276 -0.0987081 -0.0986215
7.96086 -0.106762 -0.106675
7.96896 -0.114808 -0.114722
7.97705 -0.122848 -0.122761
7.98515 -0.130879 -0.130792
7.99325 -0.138901 -0.138814
8.00134 -0.146914 -0.146828
8.00944 -0.154918 -0.154832
8.01754 -0.162912 -0.162825
8.02563 -0.170895 -0.170808
8.03373 -0.178866 -0.17878
8.04182 -0.186826 -0.18674
8.04992 -0.194774 -0.194688
8.05802 -0.202709 -0.202623
8.06611 -0.210631 -0.210545
8.07421 -0.218539 -0.218452
8.08231 -0.226432 -0.226346
8.0904 -0.234311 -0.234225
8.0985 -0.242174 -0.242088
8.1066 -0.250022 -0.249936
8.11469 -0.257853 -0.257767
8.12279 -0.265667 -0.265581
8.13088 -0.273464 -0.273378
8.13898 -0.281243 -0.281157
8.14708 -0.289003 -0.288918
8.15517 -0.296745 -0.296659
8.16327 -0.304467 -0.304381
8.17137 -0.312169 -0.312084
8.17946 -0.31985 -0.319765
8.18756 -0.327511 -0.327426
8.19566 -0.33515 -0.335065
8.20375 -0.342767 -0.342683
8.21185 -0.350362 -0.350278
8.21995 -0.357934 -0.35785
8.22804 -0.365482 -0.365398
8.23614 -0.373006 -0.372922
8.24423 -0.380506 -0.380423
8.25233 -0.387981 -0.387898
8.26043 -0.39543 -0.395347
8.26852 -0.402854 -0.402771
8.27662 -0.410251 -0.410168
8.28472 -0.417621 -0.417539
8.29281 -0.424964 -0.424882
8.30091 -0.432279 -0.432197
8.30901 -0.439566 -0.439484
8.3171 -0.446824 -0.446742
8.3252 -0.454053 -0.453971
8.3333 -0.461251 -0.46117
8.34139 -0.46842 -0.468339
8.34949 -0.475558 -0.475477
8.35758 -0.482665 -0.482584
8.36568 -0.48974 -0.48966
8.37378 -0.496783 -0.496703
8.38187 -0.503793 -0.503714
8.38997 -0.51077 -0.510691
8.39807 -0.517714 -0.517635
8.40616 -0.524624 -0.524546
8.41426 -0.5315 -0.531422
8.42236 -0.538341 -0.538263
8.43045 -0.545146 -0.545068
8.43855 -0.551916 -0.551838
8.44665 -0.558649 -0.558572
8.45474 -0.565346 -0.56527
8.46284 -0.572006 -0.57193
8.47093 -0.578628 -0.578552
8.47903 -0.585213 -0.585137
8.48713 -0.591759 -0.591684
8.49522 -0.598266 -0.598191
8.50332 -0.604734 -0.60466
8.51142 -0.611162 -0.611088
8.51951 -0.617551 -0.617477
8.52761 -0.623899 -0.623825
8.53571 -0.630206 -0.630133
8.5438 -0.636471 -0.636399
8.5519 -0.642695 -0.642623
8.56 -0.648877 -0.648805
8.56809 -0.655016 -0.654945
8.57619 -0.661112 -0.661042
8.58428 -0.667165 -0.667095
8.59238 -0.673175 -0.673105
8.60048 -0.67914 -0.67907
8.60857 -0.68506 -0.684991
8.61667 -0.690936 -0.690868
8.62477 -0.696766 -0.696698
8.63286 -0.702551 -0.702484
8.64096 -0.70829 -0.708223
8.64906 -0.713982 -0.713915
8.65715 -0.719627 -0.719561
8.66525 -0.725226 -0.72516
8.67334 -0.730776 -0.730711
8.68144 -0.736279 -0.736215
8.68954 -0.741734 -0.74167
8.69763 -0.74714 -0.747076
8.70573 -0.752497 -0.752433
8.71383 -0.757804 -0.757742
8.72192 -0.763062 -0.763
8.73002 -0.76827 -0.768209
8.73812 -0.773428 -0.773367
8.74621 -0.778534 -0.778474
8.75431 -0.78359 -0.78353
8.76241 -0.788595 -0.788535
8.7705 -0.793547 -0.793489
8.7786 -0.798448 -0.79839
8.78669 -0.803297 -0.803239
8.79479 -0.808092 -0.808035
8.80289 -0.812835 -0.812779
8.81098 -0.817525 -0.817469
8.81908 -0.82216 -0.822105
8.82718 -0.826742 -0.826688
8.83527 -0.83127 -0.831216
8.84337 -0.835744 -0.83569
8.85147 -0.840162 -0.840109
8.85956 -0.844526 -0.844473
8.86766 -0.848834 -0.848782
8.87576 -0.853086 -0.853035
8.88385 -0.857283 -0.857232
8.89195 -0.861423 -0.861373
8.90004 -0.865507 -0.865458
8.90814 -0.869534 -0.869485
8.91624 -0.873504 -0.873456
8.92433 -0.877417 -0.87737
8.93243 -0.881272 -0.881226
8.94053 -0.88507 -0.885024
8.94862 -0.888809 -0.888764
8.95672 -0.892491 -0.892446
8.96482 -0.896113 -0.896069
8.97291 -0.899677 -0.899634
8.98101 -0.903182 -0.90314
8.98911 -0.906628 -0.906586
8.9972 -0.910015 -0.909973
9.0053 -0.913341 -0.913301
9.01339 -0.916608 -0.916568
9.02149 -0.919815 -0.919776
9.02959 -0.922962 -0.922923
9.03768 -0.926048 -0.92601
9.04578 -0.929073 -0.929036
9.05388 -0.932037 -0.932001
9.06197 -0.934941 -0.934905
9.07007 -0.937783 -0.937748
9.07817 -0.940563 -0.940529
9.08626 -0.943282 -0.943249
9.09436 -0.945939 -0.945906
9.10245 -0.948534 -0.948502
9.11055 -0.951067 -0.951036
9.11865 -0.953538 -0.953507
9.12674 -0.955946 -0.955916
9.13484 -0.958291 -0.958262
9.14294 -0.960573 -0.960545
9.15103 -0.962793 -0.962765
9.15913 -0.964949 -0.964923
9.16723 -0.967043 -0.967016
9.17532 -0.969072 -0.969047
9.18342 -0.971039 -0.971014
9.19152 -0.972941 -0.972917
9.19961 -0.97478 -0.974757
9.20771 -0.976555 -0.976533
9.2158 -0.978266 -0.978244
9.2239 -0.979913 -0.979892
9.232 -0.981495 -0.981475
9.24009 -0.983013 -0.982994
9.24819 -0.984467 -0.984449
9.25629 -0.985856 -0.985839
9.26438 -0.987181 -0.987164
9.27248 -0.988441 -0.988425
9.28058 -0.989636 -0.989621
9.28867 -0.990766 -0.990752
9.29677 -0.991832 -0.991818
9.30487 -0.992832 -0.992819
9.31296 -0.993767 -0.993755
9.32106 -0.994637 -0.994626
9.32915 -0.995442 -0.995432
9.33725 -0.996181 -0.996172
9.34535 -0.996856 -0.996847
9.35344 -0.997465 -0.997457
9.36154 -0.998008 -0.998001
9.36964 -0.998486 -0.99848
9.37773 -0.998899 -0.998894
9.38583 -0.999246 -0.999242
9.39393 -0.999528 -0.999524
9.40202 -0.999744 -0.999741
9.41012 -0.999895 -0.999893
9.41822 -0.99998 -0.999978
9.42631 -0.999999 -0.999999
9.43441 -0.999953 -0.999954
9.4425 -0.999842 -0.999843
9.4506 -0.999665 -0.999667
9.4587 -0.999422 -0.999425
9.46679 -0.999114 -0.999117
9.47489 -0.99874 -0.998745
9.48299 -0.998301 -0.998306
9.49108 -0.997796 -0.997803
9.49918 -0.997226 -0.997233
9.50728 -0.996591 -0.996599
9.51537 -0.99589 -0.995899
9.52347 -0.995124 -0.995134
9.53157 -0.994293 -0.994304
9.53966 -0.993397 -0.993408
9.54776 -0.992435 -0.992447
9.55585 -0.991409 -0.991422
9.56395 -0.990317 -0.990331
9.57205 -0.989161 -0.989175
9.58014 -0.987939 -0.987955
9.58824 -0.986653 -0.98667
9.59634 -0.985303 -0.98532
9.60443 -0.983887 -0.983905
9.61253 -0.982407 -0.982426
9.62063 -0.980863 -0.980883
9.62872 -0.979255 -0.979275
9.63682 -0.977582 -0.977604
9.64491 -0.975845 -0.975868
9.65301 -0.974044 -0.974068
9.66111 -0.97218 -0.972204
9.6692 -0.970251 -0.970276
9.6773 -0.968259 -0.968285
9.6854 -0.966204 -0.966231
9.69349 -0.964085 -0.964113
9.70159 -0.961903 -0.961932
9.70969 -0.959658 -0.959687
9.71778 -0.95735 -0.95738
9.72588 -0.95498 -0.955011
9.73398 -0.952546 -0.952578
9.74207 -0.950051 -0.950083
9.75017 -0.947493 -0.947526
9.75826 -0.944872 -0.944907
9.76636 -0.94219 -0.942226
9.77446 -0.939447 -0.939483
9.78255 -0.936641 -0.936678
9.79065 -0.933774 -0.933812
9.79875 -0.930846 -0.930885
9.80684 -0.927857 -0.927897
9.81494 -0.924807 -0.924848
9.82304 -0.921697 -0.921738
9.83113 -0.918526 -0.918568
9.83923 -0.915295 -0.915338
9.84733 -0.912004 -0.912047
9.85542 -0.908653 -0.908697
9.86352 -0.905242 -0.905288
9.87161 -0.901773 -0.901819
9.87971 -0.898244 -0.89829
9.88781 -0.894656 -0.894703
9.8959 -0.891009 -0.891058
9.904 -0.887304 -0.887354
9.9121 -0.883541 -0.883592
9.92019 -0.87972 -0.879771
9.92829 -0.875842 -0.875894
9.93639 -0.871906 -0.871958
9.94448 -0.867913 -0.867966
9.95258 -0.863863 -0.863917
9.96068 -0.859756 -0.859811
9.96877 -0.855593 -0.855649
9.97687 -0.851374 -0.85143
9.98496 -0.847099 -0.847156
9.99306 -0.842768 -0.842826
10.0012 -0.838382 -0.838441
10.0093 -0.833942 -0.834002
10.0174 -0.829446 -0.829507
10.0254 -0.824897 -0.824958
10.0335 -0.820293 -0.820355
10.0416 -0.815635 -0.815698
10.0497 -0.810924 -0.810988
10.0578 -0.80616 -0.806224
10.0659 -0.801343 -0.801408
10.074 -0.796473 -0.796539
10.0821 -0.791551 -0.791618
10.0902 -0.786578 -0.786645
10.0983 -0.781552 -0.781621
10.1064 -0.776476 -0.776545
10.1145 -0.771349 -0.771418
10.1226 -0.766171 -0.766241
10.1307 -0.760942 -0.761014
10.1388 -0.755664 -0.755736
10.1469 -0.750337 -0.75041
10.155 -0.74496 -0.745034
10.1631 -0.739534 -0.739609
10.1712 -0.73406 -0.734135
10.1793 -0.728538 -0.728614
10.1874 -0.722968 -0.723045
10.1955 -0.717351 -0.717428
10.2036 -0.711686 -0.711764
10.2117 -0.705975 -0.706054
10.2198 -0.700218 -0.700297
10.2279 -0.694415 -0.694495
10.236 -0.688566 -0.688647
10.244 -0.682672 -0.682753
10.2521 -0.676734 -0.676816
10.2602 -0.670751 -0.670833
10.2683 -0.664724 -0.664807
10.2764 -0.658653 -0.658737
10.2845 -0.652539 -0.652624
10.2926 -0.646383 -0.646468
10.3007 -0.640184 -0.64027
10.3088 -0.633943 -0.63403
10.3169 -0.627661 -0.627748
10.325 -0.621337 -0.621425
10.3331 -0.614973 -0.615062
10.3412 -0.608568 -0.608658
10.3493 -0.602124 -0.602214
10.3574 -0.59564 -0.59573
10.3655 -0.589117 -0.589208
10.3736 -0.582555 -0.582647
10.3817 -0.575956 -0.576048
10.3898 -0.569318 -0.569411
10.3979 -0.562643 -0.562737
10.406 -0.555931 -0.556025
10.4141 -0.549183 -0.549278
10.4222 -0.542399 -0.542494
10.4303 -0.535579 -0.535675
10.4384 -0.528724 -0.528821
10.4465 -0.521835 -0.521932
10.4546 -0.514911 -0.515009
10.4627 -0.507954 -0.508052
10.4707 -0.500963 -0.501061
10.4788 -0.493939 -0.494038
10.4869 -0.486883 -0.486983
10.495 -0.479795 -0.479896
10.5031 -0.472676 -0.472777
10.5112 -0.465526 -0.465627
10.5193 -0.458345 -0.458447
10.5274 -0.451134 -0.451236
10.5355 -0.443893 -0.443996
10.5436 -0.436624 -0.436727
10.5517 -0.429325 -0.429429
10.5598 -0.421999 -0.422103
10.5679 -0.414645 -0.41475
10.576 -0.407264 -0.407369
10.5841 -0.399856 -0.399962
10.5922 -0.392422 -0.392528
10.6003 -0.384962 -0.385069
10.6084 -0.377477 -0.377584
10.6165 -0.369967 -0.370075
10.6246 -0.362433 -0.362541
10.6327 -0.354875 -0.354984
10.6408 -0.347294 -0.347403
10.6489 -0.33969 -0.3398
10.657 -0.332064 -0.332174
10.6651 -0.324416 -0.324526
10.6732 -0.316747 -0.316858
10.6813 -0.309057 -0.309168
10.6894 -0.301347 -0.301458
10.6974 -0.293617 -0.293729
10.7055 -0.285868 -0.28598
10.7136 -0.2781 -0.278212
10.7217 -0.270314 -0.270427
10.7298 -0.26251 -0.262623
10.7379 -0.254689 -0.254802
10.746 -0.246851 -0.246965
10.7541 -0.238997 -0.239111
10.7622 -0.231128 -0.231242
10.7703 -0.223243 -0.223357
10.7784 -0.215343 -0.215458
10.7865 -0.20743 -0.207545
10.7946 -0.199503 -0.199618
10.8027 -0.191563 -0.191678
10.8108 -0.18361 -0.183726
10.8189 -0.175645 -0.175761
10.827 -0.167669 -0.167785
10.8351 -0.159681 -0.159798
10.8432 -0.151684 -0.151801
10.8513 -0.143676 -0.143793
10.8594 -0.135659 -0.135776
10.8675 -0.127633 -0.12775
10.8756 -0.119598 -0.119716
10.8837 -0.111556 -0.111674
10.8918 -0.103507 -0.103625
10.8999 -0.0954503 -0.0955688
10.908 -0.0873877 -0.0875064
10.9161 -0.0793194 -0.0794382
10.9241 -0.0712458 -0.0713649
10.9322 -0.0631677 -0.0632869
10.9403 -0.0550853 -0.0552047
10.9484 -0.0469994 -0.0471189
10.9565 -0.0389104 -0.03903
10.9646 -0.0308188 -0.0309386
10.9727 -0.0227252 -0.0228451
10.9808 -0.0146302 -0.0147502
10.9889 -0.00653412 -0.00665422
10.997 0.00156234 0.00144215
11.0051 0.0096587 0.00953842
11.0132 0.0177544 0.0176341
11.0213 0.025849 0.0257286
11.0294 0.0339419 0.0338214
11.0375 0.0420325 0.0419119
11.0456 0.0501204 0.0499998
11.0537 0.058205 0.0580844
11.0618 0.0662858 0.0661651
11.0699 0.0743622 0.0742415
11.078 0.0824338 0.0823131
11.0861 0.0905 0.0903792
11.0942 0.0985602 0.0984395
11.1023 0.106614 0.106493
11.1104 0.114661 0.11454
11.1185 0.1227 0.122579
11.1266 0.130731 0.130611
11.1347 0.138754 0.138633
11.1428 0.146767 0.146647
11.1508 0.154771 0.154651
11.1589 0.162765 0.162645
11.167 0.170748 0.170628
11.1751 0.17872 0.1786
11.1832 0.18668 0.18656
11.1913 0.194628 0.194508
11.1994 0.202564 0.202444
11.2075 0.210486 0.210366
11.2156 0.218394 0.218274
11.2237 0.226288 0.226168
11.2318 0.234167 0.234047
11.2399 0.24203 0.241911
11.248 0.249878 0.249759
11.2561 0.257709 0.25759
11.2642 0.265524 0.265405
11.2723 0.273321 0.273202
11.2804 0.2811 0.280982
11.2885 0.288861 0.288743
11.2966 0.296603 0.296485
11.3047 0.304325 0.304207
11.3128 0.312027 0.31191
11.3209 0.319709 0.319592
11.329 0.32737 0.327253
11.3371 0.33501 0.334893
11.3452 0.342628 0.342511
11.3533 0.350223 0.350106
11.3614 0.357795 0.357679
11.3695 0.365344 0.365228
11.3775 0.372868 0.372753
11.3856 0.380369 0.380253
11.3937 0.387844 0.387729
11.4018 0.395294 0.395179
11.4099 0.402718 0.402604
11.418 0.410116 0.410002
11.4261 0.417486 0.417373
11.4342 0.42483 0.424716
11.4423 0.432145 0.432032
11.4504 0.439433 0.43932
11.4585 0.446691 0.446579
11.4666 0.45392 0.453808
11.4747 0.46112 0.461008
11.4828 0.468289 0.468177
11.4909 0.475427 0.475316
11.499 0.482534 0.482424
11.5071 0.48961 0.4895
11.5152 0.496654 0.496544
11.5233 0.503665 0.503556
11.5314 0.510643 0.510534
11.5395 0.517587 0.517479
11.5476 0.524498 0.52439
11.5557 0.531374 0.531267
11.5638 0.538215 0.538108
11.5719 0.545021 0.544915
11.58 0.551792 0.551686
11.5881 0.558526 0.55842
11.5962 0.565224 0.565119
11.6042 0.571884 0.57178
11.6123 0.578507 0.578403
11.6204 0.585092 0.584989
11.6285 0.591639 0.591536
11.6366 0.598147 0.598045
11.6447 0.604616 0.604514
11.6528 0.611045 0.610944
11.6609 0.617434 0.617333
11.669 0.623783 0.623682
11.6771 0.63009 0.629991
11.6852 0.636357 0.636258
11.6933 0.642581 0.642483
11.7014 0.648764 0.648666
11.7095 0.654904 0.654807
11.7176 0.661001 0.660904
11.7257 0.667055 0.666959
11.7338 0.673065 0.672969
11.7419 0.679031 0.678936
11.75 0.684952 0.684858
11.7581 0.690829 0.690735
11.7662 0.69666 0.696567
11.7743 0.702445 0.702353
11.7824 0.708185 0.708093
11.7905 0.713878 0.713787
11.7986 0.719524 0.719434
11.8067 0.725123 0.725034
11.8148 0.730675 0.730586
11.8229 0.736179 0.736091
11.8309 0.741634 0.741547
11.839 0.747041 0.746954
11.8471 0.752399 0.752313
11.8552 0.757707 0.757622
11.8633 0.762966 0.762882
11.8714 0.768175 0.768091
11.8795 0.773334 0.773251
11.8876 0.778441 0.778359
11.8957 0.783498 0.783417
11.9038 0.788503 0.788423
11.9119 0.793457 0.793377
11.92 0.798359 0.79828
11.9281 0.803208 0.80313
11.9362 0.808005 0.807927
11.9443 0.812749 0.812672
11.9524 0.817439 0.817363
11.9605 0.822076 0.822001
11.9686 0.826659 0.826585
11.9767 0.831188 0.831114
11.9848 0.835662 0.835589
11.9929 0.840082 0.84001
12.001 0.844446 0.844375
12.0091 0.848755 0.848685
12.0172 0.853009 0.852939
12.0253 0.857206 0.857138
12.0334 0.861348 0.86128
12.0415 0.865432 0.865366
12.0496 0.869461 0.869395
12.0576 0.873432 0.873367
12.0657 0.877346 0.877282
12.0738 0.881202 0.881139
12.0819 0.885001 0.884938
12.09 0.888741 0.88868
12.0981 0.892424 0.892363
12.1062 0.896048 0.895988
12.1143 0.899613 0.899554
12.1224 0.903119 0.903061
12.1305 0.906566 0.906509
12.1386 0.909953 0.909897
12.1467 0.913281 0.913226
12.1548 0.916549 0.916495
12.1629 0.919757 0.919704
12.171 0.922905 0.922853
12.1791 0.925992 0.925941
12.1872 0.929018 0.928968
12.1953 0.931984 0.931935
12.2034 0.934888 0.93484
12.2115 0.937731 0.937684
12.2196 0.940513 0.940467
12.2277 0.943233 0.943188
12.2358 0.945891 0.945847
12.2439 0.948487 0.948444
12.252 0.951021 0.950979
12.2601 0.953493 0.953452
12.2682 0.955902 0.955862
12.2763 0.958249 0.958209
12.2843 0.960532 0.960494
12.2924 0.962753 0.962716
12.3005 0.964911 0.964874
12.3086 0.967005 0.96697
12.3167 0.969036 0.969002
12.3248 0.971003 0.97097
12.3329 0.972907 0.972875
12.341 0.974747 0.974716
12.3491 0.976523 0.976493
12.3572 0.978235 0.978206
12.3653 0.979883 0.979855
12.3734 0.981467 0.98144
12.3815 0.982986 0.982961
12.3896 0.984441 0.984417
12.3977 0.985832 0.985808
12.4058 0.987158 0.987135
12.4139 0.988419 0.988397
12.422 0.989615 0.989595
12.4301 0.990746 0.990727
12.4382 0.991813 0.991795
12.4463 0.992814 0.992797
12.4544 0.993751 0.993735
12.4625 0.994622 0.994607
12.4706 0.995428 0.995414
12.4787 0.996169 0.996156
12.4868 0.996844 0.996833
12.4949 0.997454 0.997444
12.5029 0.997999 0.99799
12.511 0.998478 0.99847
12.5191 0.998892 0.998885
12.5272 0.999241 0.999234
12.5353 0.999524 0.999518
12.5434 0.999741 0.999737
12.5515 0.999893 0.99989
12.5596 0.999979 0.999977
12.5677 1 0.999999
12.5758 0.999955 0.999955
12.5839 0.999845 0.999846
12.592 0.999669 0.999671
12.6001 0.999427 0.999431
12.6082 0.99912 0.999125
12.6163 0.998748 0.998754
12.6244 0.99831 0.998317
12.6325 0.997806 0.997815
12.6406 0.997238 0.997247
12.6487 0.996604 0.996614
12.6568 0.995904 0.995916
12.6649 0.995139 0.995152
12.673 0.994309 0.994323
12.6811 0.993414 0.993429
12.6892 0.992454 0.99247
12.6973 0.991428 0.991446
12.7054 0.990338 0.990356
12.7135 0.989183 0.989202
12.7216 0.987963 0.987983
12.7296 0.986678 0.9867
12.7377 0.985328 0.985351
12.7458 0.983914 0.983938
12.7539 0.982435 0.982461
12.762 0.980892 0.980919
12.7701 0.979285 0.979312
12.7782 0.977613 0.977642
12.7863 0.975878 0.975908
12.7944 0.974078 0.974109
12.8025 0.972215 0.972247
12.8106 0.970288 0.970321
12.8187 0.968297 0.968331
12.8268 0.966243 0.966278
12.8349 0.964125 0.964161
12.843 0.961944 0.961982
12.8511 0.9597 0.959739
12.8592 0.957393 0.957433
12.8673 0.955024 0.955065
12.8754 0.952592 0.952634
12.8835 0.950097 0.95014
12.8916 0.94754 0.947585
12.8997 0.944921 0.944967
12.9078 0.94224 0.942287
12.9159 0.939498 0.939545
12.924 0.936693 0.936742
12.9321 0.933828 0.933877
12.9402 0.930901 0.930952
12.9483 0.927913 0.927965
12.9563 0.924864 0.924917
12.9644 0.921755 0.921809
12.9725 0.918585 0.91864
12.9806 0.915355 0.915411
12.9887 0.912065 0.912122
12.9968 0.908715 0.908774
13.0049 0.905306 0.905365
13.013 0.901837 0.901898
13.0211 0.898309 0.898371
13.0292 0.894722 0.894785
13.0373 0.891077 0.891141
13.0454 0.887373 0.887438
13.0535 0.883611 0.883677
13.0616 0.879791 0.879858
13.0697 0.875914 0.875982
13.0778 0.871979 0.872048
13.0859 0.867987 0.868057
13.094 0.863938 0.864009
13.1021 0.859832 0.859904
13.1102 0.85567 0.855743
13.1183 0.851452 0.851526
13.1264 0.847178 0.847253
13.1345 0.842848 0.842925
13.1426 0.838464 0.838541
13.1507 0.834024 0.834103
13.1588 0.82953 0.829609
13.1669 0.824981 0.825061
13.175 0.820378 0.82046
13.183 0.815721 0.815804
13.1911 0.811011 0.811095
13.1992 0.806248 0.806333
13.2073 0.801432 0.801518
13.2154 0.796563 0.79665
13.2235 0.791643 0.79173
13.2316 0.78667 0.786758
13.2397 0.781645 0.781735
13.2478 0.77657 0.77666
13.2559 0.771443 0.771535
13.264 0.766266 0.766359
13.2721 0.761039 0.761133
13.2802 0.755762 0.755856
13.2883 0.750435 0.750531
13.2964 0.745059 0.745156
13.3045 0.739635 0.739732
13.3126 0.734162 0.73426
13.3207 0.72864 0.728739
13.3288 0.723071 0.723171
13.3369 0.717455 0.717555
13.345 0.711791 0.711893
13.3531 0.706081 0.706184
13.3612 0.700324 0.700428
13.3693 0.694522 0.694626
13.3774 0.688674 0.688779
13.3855 0.682781 0.682887
13.3936 0.676843 0.67695
13.4017 0.670861 0.670969
13.4097 0.664835 0.664944
13.4178 0.658765 0.658875
13.4259 0.652652 0.652763
13.434 0.646496 0.646608
13.4421 0.640298 0.640411
13.4502 0.634058 0.634171
13.4583 0.627777 0.627891
13.4664 0.621454 0.621569
13.4745 0.61509 0.615206
13.4826 0.608687 0.608803
13.4907 0.602243 0.60236
13.4988 0.59576 0.595878
13.5069 0.589237 0.589356
13.515 0.582676 0.582796
13.5231 0.576077 0.576198
13.5312 0.56944 0.569561
13.5393 0.562766 0.562888
13.5474 0.556055 0.556178
13.5555 0.549308 0.549431
13.5636 0.542524 0.542648
13.5717 0.535705 0.53583
13.5798 0.528851 0.528976
13.5879 0.521962 0.522088
13.596 0.515039 0.515166
13.6041 0.508082 0.508209
13.6122 0.501092 0.50122
13.6203 0.494069 0.494198
13.6284 0.487013 0.487143
13.6364 0.479926 0.480056
13.6445 0.472807 0.472938
13.6526 0.465657 0.465789
13.6607 0.458477 0.458609
13.6688 0.451267 0.4514
13.6769 0.444027 0.44416
13.685 0.436758 0.436892
13.6931 0.42946 0.429595
13.7012 0.422134 0.422269
13.7093 0.414781 0.414917
13.7174 0.4074 0.407536
13.7255 0.399992 0.40013
13.7336 0.392559 0.392697
13.7417 0.385099 0.385238
13.7498 0.377615 0.377754
13.7579 0.370106 0.370245
13.766 0.362572 0.362712
13.7741 0.355014 0.355155
13.7822 0.347434 0.347575
13.7903 0.33983 0.339972
13.7984 0.332205 0.332347
13.8065 0.324557 0.3247
13.8146 0.316888 0.317031
13.8227 0.309199 0.309342
13.8308 0.301489 0.301633
13.8389 0.293759 0.293904
13.847 0.286011 0.286155
13.8551 0.278243 0.278388
13.8631 0.270457 0.270603
13.8712 0.262654 0.2628
13.8793 0.254833 0.254979
13.8874 0.246995 0.247142
13.8955 0.239142 0.239289
13.9036 0.231272 0.23142
13.9117 0.223388 0.223536
13.9198 0.215489 0.215637
13.9279 0.207576 0.207724
13.936 0.199649 0.199798
13.9441 0.191709 0.191858
13.9522 0.183756 0.183906
13.9603 0.175792 0.175942
13.9684 0.167815 0.167966
13.9765 0.159828 0.159979
13.9846 0.151831 0.151982
13.9927 0.143823 0.143974
14.0008 0.135806 0.135958
14.0089 0.12778 0.127932
14.017 0.119746 0.119898
14.0251 0.111704 0.111856
14.0332 0.103655 0.103807
14.0413 0.0955985 0.0957511
14.0494 0.087536 0.0876888
14.0575 0.0794678 0.0796208
14.0656 0.0713943 0.0715476
14.0737 0.0633162 0.0634697
14.0818 0.055234 0.0553876
14.0898 0.0471481 0.0473019
14.0979 0.0390591 0.0392131
14.106 0.0309676 0.0311217
14.1141 0.0228741 0.0230283
14.1222 0.014779 0.0149333
14.1303 0.00668299 0.0068374
14.1384 -0.00141348 -0.00125896
14.1465 -0.00950984 -0.00935524
14.1546 -0.0176056 -0.0174509
14.1627 -0.0257002 -0.0255454
14.1708 -0.0337931 -0.0336383
14.1789 -0.0418838 -0.0417289
14.187 -0.0499717 -0.0498168
14.1951 -0.0580564 -0.0579015
14.2032 -0.0661373 -0.0659823
14.2113 -0.0742138 -0.0740588
14.2194 -0.0822855 -0.0821305
14.2275 -0.0903517 -0.0901968
14.2356 -0.0984121 -0.0982572
14.2437 -0.106466 -0.106311
14.2518 -0.114513 -0.114358
14.2599 -0.122552 -0.122398
14.268 -0.130584 -0.130429
14.2761 -0.138606 -0.138452
14.2842 -0.14662 -0.146466
14.2923 -0.154624 -0.15447
14.3004 -0.162618 -0.162464
14.3085 -0.170602 -0.170447
14.3165 -0.178574 -0.17842
14.3246 -0.186534 -0.18638
14.3327 -0.194482 -0.194329
14.3408 -0.202418 -0.202264
14.3489 -0.21034 -0.210187
14.357 -0.218248 -0.218095
14.3651 -0.226143 -0.225989
14.3732 -0.234022 -0.233869
14.3813 -0.241886 -0.241733
14.3894 -0.249734 -0.249581
14.3975 -0.257566 -0.257413
14.4056 -0.26538 -0.265228
14.4137 -0.273178 -0.273026
14.4218 -0.280957 -0.280806
14.4299 -0.288718 -0.288567
14.438 -0.296461 -0.29631
14.4461 -0.304183 -0.304033
14.4542 -0.311886 -0.311736
14.4623 -0.319568 -0.319418
14.4704 -0.32723 -0.32708
14.4785 -0.33487 -0.33472
14.4866 -0.342488 -0.342339
14.4947 -0.350083 -0.349935
14.5028 -0.357656 -0.357508
14.5109 -0.365205 -0.365057
14.519 -0.37273 -0.372583
14.5271 -0.380231 -0.380084
14.5352 -0.387707 -0.38756
14.5432 -0.395157 -0.395011
14.5513 -0.402582 -0.402436
14.5594 -0.40998 -0.409834
14.5675 -0.417351 -0.417206
14.5756 -0.424695 -0.424551
14.5837 -0.432011 -0.431867
14.5918 -0.439299 -0.439155
14.5999 -0.446558 -0.446415
14.608 -0.453788 -0.453645
14.6161 -0.460988 -0.460845
14.6242 -0.468157 -0.468016
14.6323 -0.475296 -0.475155
14.6404 -0.482404 -0.482264
14.6485 -0.48948 -0.48934
14.6566 -0.496525 -0.496385
14.6647 -0.503536 -0.503397
14.6728 -0.510515 -0.510376
14.6809 -0.51746 -0.517322
14.689 -0.524371 -0.524234
14.6971 -0.531248 -0.531111
14.7052 -0.53809 -0.537954
14.7133 -0.544897 -0.544761
14.7214 -0.551668 -0.551533
14.7295 -0.558403 -0.558268
14.7376 -0.565101 -0.564967
14.7457 -0.571762 -0.571629
14.7538 -0.578386 -0.578254
14.7618 -0.584972 -0.58484
14.7699 -0.591519 -0.591388
14.778 -0.598028 -0.597898
14.7861 -0.604497 -0.604368
14.7942 -0.610927 -0.610798
14.8023 -0.617317 -0.617189
14.8104 -0.623666 -0.623539
14.8185 -0.629975 -0.629848
14.8266 -0.636242 -0.636116
14.8347 -0.642467 -0.642342
14.8428 -0.648651 -0.648527
14.8509 -0.654791 -0.654668
14.859 -0.660889 -0.660767
14.8671 -0.666944 -0.666822
14.8752 -0.672955 -0.672834
14.8833 -0.678922 -0.678801
14.8914 -0.684844 -0.684725
14.8995 -0.690721 -0.690603
14.9076 -0.696553 -0.696436
14.9157 -0.70234 -0.702223
14.9238 -0.70808 -0.707964
14.9319 -0.713774 -0.713659
14.94 -0.719421 -0.719307
14.9481 -0.725021 -0.724908
14.9562 -0.730574 -0.730461
14.9643 -0.736078 -0.735967
14.9724 -0.741534 -0.741424
14.9805 -0.746942 -0.746833
14.9885 -0.752301 -0.752192
14.9966 -0.75761 -0.757503
15.0047 -0.76287 -0.762763
15.0128 -0.76808 -0.767974
15.0209 -0.773239 -0.773134
15.029 -0.778348 -0.778244
15.0371 -0.783406 -0.783303
15.0452 -0.788412 -0.78831
15.0533 -0.793367 -0.793266
15.0614 -0.798269 -0.798169
15.0695 -0.80312 -0.803021
15.0776 -0.807917 -0.807819
15.0857 -0.812662 -0.812565
15.0938 -0.817353 -0.817258
15.1019 -0.821991 -0.821897
15.11 -0.826575 -0.826482
15.1181 -0.831105 -0.831012
15.1262 -0.83558 -0.835489
15.1343 -0.840001 -0.83991
15.1424 -0.844366 -0.844277
15.1505 -0.848677 -0.848588
15.1586 -0.852931 -0.852844
15.1667 -0.85713 -0.857043
15.1748 -0.861272 -0.861187
15.1829 -0.865358 -0.865274
15.191 -0.869387 -0.869304
15.1991 -0.873359 -0.873278
15.2072 -0.877274 -0.877194
15.2152 -0.881132 -0.881052
15.2233 -0.884932 -0.884853
15.2314 -0.888673 -0.888596
15.2395 -0.892357 -0.892281
15.2476 -0.895982 -0.895907
15.2557 -0.899548 -0.899474
15.2638 -0.903055 -0.902982
15.2719 -0.906503 -0.906432
15.28 -0.909892 -0.909821
15.2881 -0.913221 -0.913152
15.2962 -0.91649 -0.916422
15.3043 -0.919699 -0.919632
15.3124 -0.922847 -0.922782
15.3205 -0.925936 -0.925872
15.3286 -0.928963 -0.9289
15.3367 -0.93193 -0.931868
15.3448 -0.934835 -0.934775
15.3529 -0.93768 -0.93762
15.361 -0.940462 -0.940404
15.3691 -0.943184 -0.943127
15.3772 -0.945843 -0.945787
15.3853 -0.94844 -0.948386
15.3934 -0.950975 -0.950922
15.4015 -0.953448 -0.953396
15.4096 -0.955859 -0.955808
15.4177 -0.958206 -0.958157
15.4258 -0.960491 -0.960443
15.4339 -0.962713 -0.962666
15.4419 -0.964872 -0.964826
15.45 -0.966967 -0.966923
15.4581 -0.968999 -0.968957
15.4662 -0.970968 -0.970926
15.4743 -0.972873 -0.972833
15.4824 -0.974714 -0.974675
15.4905 -0.976491 -0.976454
15.4986 -0.978205 -0.978168
15.5067 -0.979854 -0.979819
15.5148 -0.981439 -0.981405
15.5229 -0.982959 -0.982927
15.531 -0.984415 -0.984384
15.5391 -0.985807 -0.985777
15.5472 -0.987134 -0.987106
15.5553 -0.988396 -0.988369
15.5634 -0.989594 -0.989568
15.5715 -0.990726 -0.990702
15.5796 -0.991794 -0.991771
15.5877 -0.992797 -0.992775
15.5958 -0.993734 -0.993714
15.6039 -0.994607 -0.994588
15.612 -0.995414 -0.995397
15.6201 -0.996156 -0.99614
15.6282 -0.996833 -0.996818
15.6363 -0.997444 -0.997431
15.6444 -0.99799 -0.997978
15.6525 -0.99847 -0.99846
15.6606 -0.998885 -0.998876
15.6686 -0.999235 -0.999227
15.6767 -0.999519 -0.999513
15.6848 -0.999738 -0.999733
15.6929 -0.999891 -0.999887
15.701 -0.999978 -0.999976
15.7091 -1 -0.999999
15.7172 -0.999957 -0.999957
15.7253 -0.999847 -0.999849
15.7334 -0.999673 -0.999676
15.7415 -0.999432 -0.999437
15.7496 -0.999127 -0.999133
15.7577 -0.998755 -0.998763
15.7658 -0.998319 -0.998328
15.7739 -0.997817 -0.997827
15.782 -0.997249 -0.997261
15.7901 -0.996616 -0.996629
15.7982 -0.995918 -0.995932
15.8063 -0.995154 -0.99517
15.8144 -0.994325 -0.994343
15.8225 -0.993431 -0.99345
15.8306 -0.992472 -0.992492
15.8387 -0.991448 -0.99147
15.8468 -0.990359 -0.990382
15.8549 -0.989205 -0.989229
15.863 -0.987986 -0.988012
15.8711 -0.986702 -0.986729
15.8792 -0.985354 -0.985382
15.8873 -0.983941 -0.983971
15.8953 -0.982463 -0.982495
15.9034 -0.980922 -0.980954
15.9115 -0.979315 -0.97935
15.9196 -0.977645 -0.977681
15.9277 -0.975911 -0.975948
15.9358 -0.974112 -0.97415
15.9439 -0.97225 -0.97229
15.952 -0.970324 -0.970365
15.9601 -0.968334 -0.968377
15.9682 -0.966281 -0.966325
15.9763 -0.964165 -0.96421
15.9844 -0.961985 -0.962032
15.9925 -0.959742 -0.95979
16.0006 -0.957437 -0.957486
16.0087 -0.955068 -0.955119
16.0168 -0.952637 -0.95269
16.0249 -0.950144 -0.950197
16.033 -0.947588 -0.947643
16.0411 -0.94497 -0.945027
16.0492 -0.94229 -0.942348
16.0573 -0.939549 -0.939608
16.0654 -0.936746 -0.936806
16.0735 -0.933881 -0.933943
16.0816 -0.930955 -0.931019
16.0897 -0.927969 -0.928033
16.0978 -0.924921 -0.924987
16.1059 -0.921813 -0.92188
16.114 -0.918644 -0.918713
16.122 -0.915415 -0.915485
16.1301 -0.912126 -0.912197
16.1382 -0.908778 -0.90885
16.1463 -0.905369 -0.905443
16.1544 -0.901902 -0.901977
16.1625 -0.898375 -0.898451
16.1706 -0.894789 -0.894867
16.1787 -0.891145 -0.891224
16.1868 -0.887442 -0.887523
16.1949 -0.883681 -0.883763
16.203 -0.879862 -0.879946
16.2111 -0.875986 -0.87607
16.2192 -0.872052 -0.872138
16.2273 -0.868061 -0.868148
16.2354 -0.864013 -0.864101
16.2435 -0.859908 -0.859998
16.2516 -0.855747 -0.855838
16.2597 -0.85153 -0.851622
16.2678 -0.847257 -0.847351
16.2759 -0.842929 -0.843024
16.284 -0.838545 -0.838641
16.2921 -0.834106 -0.834204
16.3002 -0.829613 -0.829712
16.3083 -0.825065 -0.825165
16.3164 -0.820463 -0.820564
16.3245 -0.815808 -0.81591
16.3326 -0.811099 -0.811202
16.3407 -0.806336 -0.806441
16.3487 -0.801521 -0.801627
16.3568 -0.796654 -0.796761
16.3649 -0.791734 -0.791842
16.373 -0.786762 -0.786872
16.3811 -0.781739 -0.781849
16.3892 -0.776664 -0.776776
16.3973 -0.771538 -0.771652
16.4054 -0.766362 -0.766477
16.4135 -0.761136 -0.761251
16.4216 -0.75586 -0.755976
16.4297 -0.750534 -0.750652
16.4378 -0.745159 -0.745278
16.4459 -0.739735 -0.739855
16.454 -0.734263 -0.734384
16.4621 -0.728742 -0.728865
16.4702 -0.723174 -0.723298
16.4783 -0.717559 -0.717683
16.4864 -0.711896 -0.712022
16.4945 -0.706187 -0.706313
16.5026 -0.700431 -0.700559
16.5107 -0.694629 -0.694758
16.5188 -0.688782 -0.688912
16.5269 -0.68289 -0.683021
16.535 -0.676953 -0.677085
16.5431 -0.670972 -0.671105
16.5512 -0.664946 -0.665081
16.5593 -0.658877 -0.659013
16.5674 -0.652765 -0.652902
16.5754 -0.64661 -0.646748
16.5835 -0.640413 -0.640551
16.5916 -0.634174 -0.634313
16.5997 -0.627893 -0.628033
16.6078 -0.621571 -0.621712
16.6159 -0.615208 -0.61535
16.624 -0.608805 -0.608948
16.6321 -0.602362 -0.602506
16.6402 -0.595879 -0.596025
16.6483 -0.589358 -0.589504
16.6564 -0.582798 -0.582945
16.6645 -0.576199 -0.576347
16.6726 -0.569563 -0.569712
16.6807 -0.56289 -0.56304
16.6888 -0.556179 -0.55633
16.6969 -0.549432 -0.549584
16.705 -0.542649 -0.542802
16.7131 -0.535831 -0.535985
16.7212 -0.528977 -0.529132
16.7293 -0.522089 -0.522244
16.7374 -0.515167 -0.515323
16.7455 -0.50821 -0.508367
16.7536 -0.501221 -0.501379
16.7617 -0.494198 -0.494357
16.7698 -0.487144 -0.487303
16.7779 -0.480057 -0.480217
16.786 -0.472939 -0.4731
16.7941 -0.465789 -0.465951
16.8021 -0.45861 -0.458772
16.8102 -0.4514 -0.451563
16.8183 -0.44416 -0.444325
16.8264 -0.436892 -0.437057
16.8345 -0.429595 -0.42976
16.8426 -0.422269 -0.422436
16.8507 -0.414916 -0.415083
16.8588 -0.407536 -0.407704
16.8669 -0.400129 -0.400298
16.875 -0.392696 -0.392865
16.8831 -0.385237 -0.385407
16.8912 -0.377753 -0.377923
16.8993 -0.370244 -0.370415
16.9074 -0.362711 -0.362883
16.9155 -0.355154 -0.355326
16.9236 -0.347574 -0.347747
16.9317 -0.339971 -0.340144
16.9398 -0.332345 -0.33252
16.9479 -0.324698 -0.324873
16.956 -0.31703 -0.317205
16.9641 -0.309341 -0.309517
16.9722 -0.301631 -0.301808
16.9803 -0.293902 -0.294079
16.9884 -0.286154 -0.286331
16.9965 -0.278386 -0.278564
17.0046 -0.270601 -0.270779
17.0127 -0.262798 -0.262977
17.0207 -0.254977 -0.255157
17.0288 -0.24714 -0.24732
17.0369 -0.239287 -0.239467
17.045 -0.231418 -0.231598
17.0531 -0.223533 -0.223715
17.0612 -0.215634 -0.215816
17.0693 -0.207721 -0.207904
17.0774 -0.199795 -0.199977
17.0855 -0.191855 -0.192038
17.0936 -0.183903 -0.184086
17.1017 -0.175938 -0.176122
17.1098 -0.167962 -0.168147
17.1179 -0.159976 -0.16016
17.126 -0.151978 -0.152163
17.1341 -0.143971 -0.144156
17.1422 -0.135954 -0.136139
17.1503 -0.127928 -0.128114
17.1584 -0.119894 -0.12008
17.1665 -0.111852 -0.112039
17.1746 -0.103803 -0.10399
17.1827 -0.0957469 -0.0959337
17.1908 -0.0876845 -0.0878715
17.1989 -0.0796164 -0.0798036
17.207 -0.0715431 -0.0717305
17.2151 -0.063465 -0.0636527
17.2232 -0.0553828 -0.0555707
17.2313 -0.047297 -0.0474851
17.2394 -0.0392081 -0.0393963
17.2474 -0.0311166 -0.031305
17.2555 -0.0230231 -0.0232116
17.2636 -0.0149281 -0.0151167
17.2717 -0.00683207 -0.0070208
17.2798 0.00126439 0.00107556
17.2879 0.00936077 0.00917184
17.296 0.0174565 0.0172675
17.3041 0.0255512 0.0253621
17.3122 0.0336441 0.033455
17.3203 0.0417348 0.0415457
17.3284 0.0498228 0.0496336
17.3365 0.0579076 0.0577184
17.3446 0.0659885 0.0657993
17.3527 0.0740651 0.0738759
17.3608 0.0821369 0.0819477
17.3689 0.0902033 0.0900141
17.377 0.0982637 0.0980746
17.3851 0.106318 0.106129
17.3932 0.114365 0.114176
17.4013 0.122404 0.122215
17.4094 0.130436 0.130247
17.4175 0.138459 0.13827
17.4256 0.146473 0.146284
17.4337 0.154477 0.154289
17.4418 0.162471 0.162283
17.4499 0.170455 0.170267
17.458 0.178427 0.178239
17.4661 0.186388 0.1862
17.4741 0.194336 0.194149
17.4822 0.202272 0.202085
17.4903 0.210194 0.210007
17.4984 0.218103 0.217916
17.5065 0.225997 0.225811
17.5146 0.233877 0.233691
17.5227 0.241741 0.241555
17.5308 0.249589 0.249404
17.5389 0.257421 0.257236
17.547 0.265237 0.265051
17.5551 0.273034 0.27285
17.5632 0.280814 0.28063
17.5713 0.288576 0.288391
17.5794 0.296318 0.296134
17.5875 0.304041 0.303858
17.5956 0.311744 0.311561
17.6037 0.319427 0.319245
17.6118 0.327089 0.326907
17.6199 0.334729 0.334547
17.628 0.342348 0.342166
17.6361 0.349944 0.349763
17.6442 0.357517 0.357336
17.6523 0.365066 0.364886
17.6604 0.372592 0.372412
17.6685 0.380093 0.379914
17.6766 0.38757 0.387391
17.6847 0.39502 0.394842
17.6928 0.402445 0.402268
17.7008 0.409844 0.409667
17.7089 0.417216 0.417039
17.717 0.42456 0.424384
17.7251 0.431877 0.431702
17.7332 0.439165 0.43899
17.7413 0.446425 0.446251
17.7494 0.453655 0.453481
17.7575 0.460855 0.460683
17.7656 0.468026 0.467853
17.7737 0.475165 0.474994
17.7818 0.482274 0.482103
17.7899 0.48935 0.48918
17.798 0.496395 0.496226
17.8061 0.503407 0.503239
17.8142 0.510387 0.510219
17.8223 0.517332 0.517165
17.8304 0.524244 0.524078
17.8385 0.531122 0.530956
17.8466 0.537964 0.537799
17.8547 0.544772 0.544607
17.8628 0.551543 0.55138
17.8709 0.558279 0.558116
17.879 0.564978 0.564816
17.8871 0.57164 0.571479
17.8952 0.578264 0.578104
17.9033 0.584851 0.584691
17.9114 0.591399 0.59124
17.9195 0.597908 0.597751
17.9275 0.604379 0.604222
17.9356 0.610809 0.610653
17.9437 0.6172 0.617045
17.9518 0.62355 0.623396
17.9599 0.629859 0.629706
17.968 0.636127 0.635975
17.9761 0.642353 0.642202
17.9842 0.648537 0.648387
17.9923 0.654679 0.654529
18.0004 0.660778 0.660629
18.0085 0.666833 0.666686
18.0166 0.672845 0.672698
18.0247 0.678812 0.678667
18.0328 0.684735 0.684591
18.0409 0.690613 0.69047
18.049 0.696446 0.696304
18.0571 0.702234 0.702092
18.0652 0.707975 0.707834
18.0733 0.71367 0.71353
18.0814 0.719318 0.719179
18.0895 0.724918 0.724781
18.0976 0.730472 0.730336
18.1057 0.735977 0.735842
18.1138 0.741434 0.741301
18.1219 0.746843 0.74671
18.13 0.752203 0.752071
18.1381 0.757513 0.757383
18.1462 0.762774 0.762645
18.1542 0.767984 0.767856
18.1623 0.773145 0.773018
18.1704 0.778254 0.778129
18.1785 0.783313 0.783189
18.1866 0.78832 0.788197
18.1947 0.793276 0.793154
18.2028 0.79818 0.798059
18.2109 0.803031 0.802911
18.219 0.80783 0.807711
18.2271 0.812575 0.812458
18.2352 0.817268 0.817152
18.2433 0.821907 0.821792
18.2514 0.826492 0.826378
18.2595 0.831022 0.83091
18.2676 0.835499 0.835388
18.2757 0.83992 0.839811
18.2838 0.844287 0.844179
18.2919 0.848598 0.848491
18.3 0.852853 0.852748
18.3081 0.857053 0.856949
18.3162 0.861196 0.861094
18.3243 0.865283 0.865182
18.3324 0.869314 0.869214
18.3405 0.873287 0.873188
18.3486 0.877203 0.877106
18.3567 0.881061 0.880965
18.3648 0.884862 0.884768
18.3729 0.888605 0.888512
18.3809 0.892289 0.892198
18.389 0.895916 0.895825
18.3971 0.899483 0.899394
18.4052 0.902991 0.902904
18.4133 0.90644 0.906354
18.4214 0.90983 0.909745
18.4295 0.91316 0.913077
18.4376 0.91643 0.916348
18.4457 0.91964 0.91956
18.4538 0.92279 0.922711
18.4619 0.92588 0.925802
18.47 0.928908 0.928832
18.4781 0.931876 0.931802
18.4862 0.934783 0.93471
18.4943 0.937628 0.937557
18.5024 0.940412 0.940342
18.5105 0.943134 0.943066
18.5186 0.945795 0.945728
18.5267 0.948393 0.948328
18.5348 0.950929 0.950866
18.5429 0.953403 0.953341
18.551 0.955815 0.955754
18.5591 0.958164 0.958104
18.5672 0.96045 0.960392
18.5753 0.962673 0.962617
18.5834 0.964833 0.964778
18.5915 0.966929 0.966876
18.5996 0.968963 0.968911
18.6076 0.970932 0.970883
18.6157 0.972839 0.97279
18.6238 0.974681 0.974634
18.6319 0.976459 0.976414
18.64 0.978174 0.97813
18.6481 0.979824 0.979782
18.6562 0.98141 0.98137
18.6643 0.982932 0.982893
18.6724 0.984389 0.984352
18.6805 0.985782 0.985747
18.6886 0.98711 0.987076
18.6967 0.988374 0.988341
18.7048 0.989572 0.989542
18.7129 0.990706 0.990677
18.721 0.991775 0.991748
18.7291 0.992779 0.992753
18.7372 0.993718 0.993694
18.7453 0.994591 0.994569
18.7534 0.9954 0.995379
18.7615 0.996143 0.996124
18.7696 0.996821 0.996803
18.7777 0.997433 0.997417
18.7858 0.997981 0.997966
18.7939 0.998462 0.99845
18.802 0.998879 0.998868
18.8101 0.999229 0.99922
18.8182 0.999515 0.999507
18.8263 0.999734 0.999728
18.8343 0.999889 0.999884
18.8424 0.999977 0.999975
18.8505 1 1
18.8586 0.999958 0.999959
18.8667 0.99985 0.999852
18.8748 0.999677 0.999681
18.8829 0.999438 0.999443
18.891 0.999133 0.99914
18.8991 0.998763 0.998772
18.9072 0.998328 0.998338
18.9153 0.997827 0.997839
18.9234 0.99726 0.997274
18.9315 0.996628 0.996644
18.9396 0.995931 0.995949
18.9477 0.995169 0.995188
18.9558 0.994341 0.994362
18.9639 0.993449 0.993471
18.972 0.992491 0.992515
18.9801 0.991468 0.991494
18.9882 0.99038 0.990407
18.9963 0.989227 0.989256
19.0044 0.988009 0.98804
19.0125 0.986727 0.986759
19.0206 0.985379 0.985414
19.0287 0.983968 0.984004
19.0368 0.982491 0.982529
19.0449 0.980951 0.98099
19.053 0.979346 0.979387
19.061 0.977677 0.977719
19.0691 0.975943 0.975987
19.0772 0.974146 0.974192
19.0853 0.972285 0.972332
19.0934 0.97036 0.970409
19.1015 0.968372 0.968422
19.1096 0.96632 0.966372
19.1177 0.964204 0.964259
19.1258 0.962026 0.962082
19.1339 0.959784 0.959842
19.142 0.95748 0.957539
19.1501 0.955113 0.955173
19.1582 0.952683 0.952745
19.1663 0.950191 0.950255
19.1744 0.947636 0.947702
19.1825 0.945019 0.945087
19.1906 0.942341 0.94241
19.1987 0.9396 0.939671
19.2068 0.936798 0.93687
19.2149 0.933935 0.934009
19.223 0.93101 0.931086
19.2311 0.928024 0.928102
19.2392 0.924978 0.925057
19.2473 0.921871 0.921951
19.2554 0.918703 0.918785
19.2635 0.915475 0.915559
19.2716 0.912188 0.912273
19.2796 0.90884 0.908927
19.2877 0.905433 0.905521
19.2958 0.901966 0.902056
19.3039 0.898441 0.898532
19.312 0.894856 0.894949
19.3201 0.891213 0.891307
19.3282 0.887511 0.887607
19.3363 0.883751 0.883849
19.3444 0.879934 0.880033
19.3525 0.876058 0.876159
19.3606 0.872125 0.872228
19.3687 0.868135 0.868239
19.3768 0.864088 0.864194
19.3849 0.859985 0.860092
19.393 0.855825 0.855933
19.4011 0.851609 0.851719
19.4092 0.847337 0.847448
19.4173 0.843009 0.843122
19.4254 0.838627 0.838741
19.4335 0.834189 0.834305
19.4416 0.829696 0.829814
19.4497 0.82515 0.825269
19.4578 0.820549 0.820669
19.4659 0.815894 0.816016
19.474 0.811186 0.81131
19.4821 0.806425 0.80655
19.4902 0.801611 0.801737
19.4983 0.796744 0.796872
19.5063 0.791825 0.791954
19.5144 0.786854 0.786985
19.5225 0.781832 0.781964
19.5306 0.776758 0.776892
19.5387 0.771634 0.771768
19.5468 0.766458 0.766595
19.5549 0.761233 0.761371
19.563 0.755958 0.756097
19.5711 0.750633 0.750773
19.5792 0.745259 0.7454
19.5873 0.739836 0.739979
19.5954 0.734364 0.734509
19.6035 0.728845 0.72899
19.6116 0.723277 0.723424
19.6197 0.717663 0.717811
19.6278 0.712001 0.71215
19.6359 0.706292 0.706443
19.644 0.700538 0.70069
19.6521 0.694737 0.69489
19.6602 0.688891 0.689045
19.6683 0.682999 0.683155
19.6764 0.677063 0.67722
19.6845 0.671082 0.671241
19.6926 0.665058 0.665218
19.7007 0.65899 0.659151
19.7088 0.652878 0.653041
19.7169 0.646724 0.646888
19.725 0.640528 0.640692
19.733 0.634289 0.634455
19.7411 0.628009 0.628176
19.7492 0.621688 0.621856
19.7573 0.615326 0.615495
19.7654 0.608923 0.609094
19.7735 0.602481 0.602653
19.7816 0.595999 0.596172
19.7897 0.589479 0.589652
19.7978 0.582919 0.583094
19.8059 0.576321 0.576497
19.814 0.569686 0.569863
19.8221 0.563013 0.563191
19.8302 0.556303 0.556483
19.8383 0.549557 0.549737
19.8464 0.542775 0.542956
19.8545 0.535957 0.53614
19.8626 0.529104 0.529288
19.8707 0.522217 0.522401
19.8788 0.515295 0.51548
19.8869 0.508339 0.508525
19.895 0.50135 0.501537
19.9031 0.494328 0.494517
19.9112 0.487274 0.487463
19.9193 0.480188 0.480378
19.9274 0.47307 0.473261
19.9355 0.465922 0.466114
19.9436 0.458742 0.458935
19.9517 0.451533 0.451727
19.9597 0.444294 0.444489
19.9678 0.437026 0.437222
19.9759 0.42973 0.429926
19.984 0.422405 0.422602
19.9921 0.415052 0.41525
20 0.407883 0.408082
